-7.647537600928500012e+01
3.362341821501796391e-01
5.867004713005763417e-05
7.324173327381521936e+00
1.046029811406938848e+02
0.000000000000000000e+00
3.471350295379571388e-04
6.995080632518128061e-01
1.005985983714594800e+00
5.597466016396609057e-04
4.605213590768142407e-01
5.795543047581308560e-02
7.624521546775093750e-01
5.558956640351598866e-01
2.658509515961469602e-02
4.519845229463342190e-02
9.842053933761754081e-01
2.467127168726822068e-04
2.334176010875817046e-04
9.343987960925633773e-01
4.428023606210686886e-02
4.400754676160665999e-05
9.488454511883777018e-04
2.753103020263510505e-04
6.888789394867366189e-01
