-7.435310244737664220e+01
3.293377009455784044e-01
6.156093273905543985e-05
6.535149168631287253e+00
1.054191638143703500e+02
0.000000000000000000e+00
4.721604433517334241e-04
9.488683989460147128e-01
1.005830794063761191e+00
5.589522033394390748e-04
4.367358939942991292e-01
6.458312749071236369e-02
7.064936084909462233e-01
7.003135029132265821e-01
3.464010471062931029e-02
6.455392983802789308e-02
9.794938981679142120e-01
2.990879166980279971e-04
3.324037282533814225e-04
9.061770604094875337e-01
4.448197751516968362e-02
4.769167698928914627e-05
1.024175015331906533e-03
3.528171591217084922e-04
8.450997491820875229e-01
