-7.691625285143105373e+01
3.402908930618727679e-01
1.437505709067497426e-04
8.765476360466136541e+00
1.031555433452757029e+02
0.000000000000000000e+00
3.265437403651802353e-04
3.211768157942666568e-01
9.959388198779939305e-01
6.479573910063655962e-02
4.653535872422636666e-01
6.708593107749978579e-02
7.723960924844951448e-01
2.490609590420595765e-01
2.530238213769936406e-02
1.652404203994671528e-02
9.567528464272739841e-01
2.375691939695370215e-04
2.168630059765523155e-04
9.210538143135582612e-01
1.710089397226010471e-02
1.070600132751202421e-04
6.114645305946556433e-03
2.634427824432288771e-04
5.523742776031413948e-01
