-6.863436028968844482e+01
1.298317605073921470e+02
1.014626439249396839e+01
6.326926709886476069e-03
7.229372280323038691e-01
5.695930955043946309e-01
2.118310512859335605e-04
3.410506460145402112e-05
9.970395831649498941e-01
9.626289341331125682e-01
6.649127186955766433e+00
1.276974944884376697e+02
1.775897720532957757e-03
9.208291151265894925e-01
6.811269459468676001e-04
9.303393577399353687e-01
1.478951076366883700e-02
3.357791340097659289e-04
1.815182592096797887e+00
1.527663523107229476e-04
6.015781687471450506e-02
2.954784824531217491e-02
3.647217292588464943e-01
5.605859982713047307e-01
1.412949136298817576e+00
8.679010651036679347e-01
1.051176280163224508e+00
5.102854530235028108e-01
1.390927128852601780e-01
8.467718789452197137e-03
2.238192906201416817e-03
1.699264378254367741e-03
1.539244836631780561e-04
1.709831604292545021e-03
