-7.190093881123794972e+01
1.299812563292313996e+02
9.435335223101791513e+00
4.259082294728371021e-03
8.251890183034755744e-01
7.606303993240977057e-01
1.252042828433262776e-04
1.951516892237472364e-05
9.981016927339954048e-01
9.943765224735845454e-01
6.144557516610168690e+00
1.284895727330607542e+02
1.322179782488155366e-03
9.385955406984050065e-01
4.706268069884708694e-04
9.467586938066357982e-01
1.021848840975183616e-02
7.911689782451921792e-05
1.816692796955218459e+00
9.648158527459506459e-05
3.896220851575086380e-02
1.893298297928874829e-02
2.702734059660772403e-01
6.439321555993926527e-01
1.396034413001171481e+00
7.619062385339314680e-01
8.319458308329945595e-01
4.775757936452635355e-01
2.408946640266469708e-01
4.682296418052631429e-03
1.452261292375732179e-03
1.151584330162398707e-03
9.704477542300156694e-05
1.157479956872464180e-03
