-7.337019669162498303e+01
1.300231246539266294e+02
7.475496905415866422e+00
3.563659367426345696e-03
8.632447479662985756e-01
8.629023905737794875e-01
6.023983314695029157e-05
1.513873639214481583e-05
9.984599960316384859e-01
9.984580067669283077e-01
5.528902666489748263e+00
1.305812268350073566e+02
1.156841172394486739e-03
9.457314728539497617e-01
3.960536936330794110e-04
9.811971157010236366e-01
1.588747033273046156e-03
5.961812498521200349e-05
1.814585573991525314e+00
5.078040195745180509e-05
2.089070699782812762e-02
1.005404982157732940e-02
1.532213657507186799e-01
7.472454683044671420e-01
1.375782554345543529e+00
5.146356163517317173e-01
5.200091888367107673e-01
3.817929190141129969e-01
7.275956357745353431e-01
1.898197631733943491e-03
7.513650414187370789e-04
6.409291425929639551e-04
5.096588100038314424e-05
6.430945523738613653e-04
