-6.532363134667686211e+01
1.295995029995602010e+02
1.021066610312225365e+01
9.899342002935938162e-03
5.680921022716866053e-01
3.581488582033871548e-01
3.102905149513146207e-04
6.023649709564638118e-05
9.945819415296556221e-01
8.588579512143655892e-01
7.222085908737059690e+00
1.275713184768579964e+02
2.397067722892289119e-03
8.920928582034606258e-01
9.990354982484892388e-04
9.126857267055059619e-01
1.885964914774376083e-02
2.790510619458381244e-03
1.803343539073897661e+00
1.941970157794841486e-04
7.515921623509606853e-02
3.720778420066467307e-02
4.270682273609860968e-01
5.055558031201414781e-01
1.424212433813138556e+00
9.771396276766252109e-01
1.224038588088934620e+00
5.398567955249878869e-01
9.232037710120165330e-02
9.261170913626623133e-03
2.975155799689085077e-03
2.061097272835393183e-03
1.964733589005004250e-04
2.079019989048210611e-03
