-7.335767182432746836e+01
1.300186769890029552e+02
8.207609586455710371e+00
3.569084352315337640e-03
8.626982116146878488e-01
8.586396410606913498e-01
7.215926129712523819e-05
1.517361201402912823e-05
9.984564812826869362e-01
9.984404815147667200e-01
5.727791940353189837e+00
1.298057912732679711e+02
1.158208900873163591e-03
9.456452066165382808e-01
3.967796366095389460e-04
9.664613224251943358e-01
4.649562741925116274e-03
5.986854597277040845e-05
1.814838694691441212e+00
6.159329202273603474e-05
2.522773553399766666e-02
1.216939460560752771e-02
1.817651089913551177e-01
7.220545970238523292e-01
1.380713947083911153e+00
6.071806018359542367e-01
6.188991694874999006e-01
4.215041983481578325e-01
4.718952316130686220e-01
2.319101378131560847e-03
8.874172987789833702e-04
7.670079676915544887e-04
6.180046789086130713e-05
7.693689349677786376e-04
