-7.288091017332364174e+01
1.300099662226058967e+02
8.867111739314273322e+00
3.781684190928249339e-03
8.508292694339164575e-01
8.256163752079642704e-01
9.337246101551756317e-05
1.648025502517186998e-05
9.983469220493206286e-01
9.978549160316878552e-01
5.932523741590835620e+00
1.291025537844234634e+02
1.209600777463720918e-03
9.433789355845442204e-01
4.198397568230062592e-04
9.557038656034646529e-01
7.614531160836884513e-03
6.531218403844968247e-05
1.815930535496156129e+00
7.621286969529645976e-05
3.103470407788816096e-02
1.501744853064230015e-02
2.218502482606172777e-01
6.866726149048637540e-01
1.387616727291973051e+00
6.894825766584262716e-01
7.215769742337304615e-01
4.527418851933170396e-01
3.292105464579980212e-01
3.183332033165728065e-03
1.121733956083115647e-03
9.324492138766692128e-04
7.654933227020275458e-05
9.361606794101289680e-04
