4.186574873189391255e+00
4.184964167394058521e+00
4.183365435275824495e+00
4.185780534367586014e+00
7.897698539669700075e-04
7.830848848223444887e-04
7.677601029706614382e-04
7.371362194625973984e-04
7.135976298666835008e-04
1.186856643257507476e-05
9.987215508277395015e-01
9.975982040751187885e-01
6.623158912619331318e-01
2.855953810493226316e-02
4.833436278867192179e-05
1.197622826157709527e-02
3.366575505666363614e-04
9.492824421275783964e-01
8.906166756995741451e-01
8.455421410245163027e-01
3.000801763307840968e-03
1.017502741117391838e-03
9.515727433707571459e-01
-7.478624850119308576e+01
1.317407427689476549e+02
5.041208559333202333e-01
5.041143710265171274e-01
5.040877505429660621e-01
5.038030265766227922e-01
1.733902422929548852e-12
2.922939993545997652e-12
1.110613204760678315e-11
4.279221658875806112e-09
9.040136558827516211e-01
8.842886679519968984e-01
8.247009080947147464e-01
4.247837406424545548e-01
3.401476421114919824e-02
3.400316470537573937e-02
3.398044428225829167e-02
3.391731882986574048e-02
1.346562428046426341e+01
1.359789470456219362e+01
5.158313090349499891e-03
5.137280765207243201e-03
5.088284706747022226e-03
4.987187371091041273e-03
4.906294825717611753e-03
4.184922393270236185e+00
7.583354267606428386e-04
5.056691216748933349e-03
