2.019220687316148677e+00
2.015482216408678084e+00
2.008083197847593482e+00
1.996252671402394263e+00
3.772841031301172677e-04
3.791545923739127622e-04
3.825579889148479087e-04
3.872601082103133792e-04
3.815854537322567767e-04
1.163629410673054166e-05
9.987561507775459813e-01
9.987523704671402713e-01
8.727831344261077762e-01
5.198252126099937170e-02
4.625554871859714751e-05
6.217360147444852235e-03
3.316929582406041833e-04
9.687327273489362289e-01
8.937704127142853672e-01
8.917208705006187675e-01
2.960888987626541808e-03
1.007123000510672627e-03
9.521487901601660697e-01
-7.489646197163362729e+01
1.335411603979372899e+02
4.024875188346508370e-01
4.089491793737446979e-01
4.216318479376099937e-01
4.422777226145537255e-01
9.860493170202719870e-01
9.903463942452876978e-01
9.950807397907505125e-01
9.996560707015769154e-01
2.863158852618801712e-04
2.464318876190913724e-04
1.820263546525222563e-04
8.724504216279156427e-05
2.274549207502294876e-02
2.272268027094331844e-02
2.267520203225818071e-02
2.256577393328673339e-02
1.111605867324217733e+01
1.112632180174688301e+01
3.372879902517093246e-03
3.384139853738224197e-03
3.404577581054496829e-03
3.432772475102107129e-03
3.399794438034114442e-03
2.004990751599806664e+00
3.836347807423041881e-04
3.411030417520182715e-03
