1.365273748628942130e+00
1.361837701061285433e+00
1.353987253219827158e+00
1.339133066888771761e+00
2.645450860158905185e-04
2.678345167004237098e-04
2.742541239353083393e-04
2.849657383339907141e-04
2.841366980194341284e-04
1.261039314769392605e-05
9.986724768145023301e-01
9.986685099175279801e-01
9.252381728291236840e-01
4.946717065277764225e-02
4.996701591662112084e-05
6.130137497224284228e-03
3.501374863835927834e-04
9.791788362454865169e-01
8.851815523550510267e-01
8.831495858762099527e-01
3.133467591517992597e-03
1.050695025703710572e-03
9.502735419368072423e-01
-7.442993635035644218e+01
1.350975941266520124e+02
2.554339950141095716e-01
2.617230031194244244e-01
2.758059254096725255e-01
3.122192509389890569e-01
7.177096021479857368e-01
7.628866407659261606e-01
8.591792814449802362e-01
9.914674904493810947e-01
8.942101884178444695e-04
8.117323844843597281e-04
6.319996194564819368e-04
2.575837213156107874e-04
1.510473119502362023e-02
1.509245537603934144e-02
1.505133853338958688e-02
1.495457707510279045e-02
9.569455110488021887e+00
9.648325048486144695e+00
2.629920302836641615e-03
2.654142248641824971e-03
2.700952659265652440e-03
2.777729041229467372e-03
2.772049534943918543e-03
1.349665911633333382e+00
2.771728841980892121e-04
2.721636563215440365e-03
