1.481726284538968041e+00
1.471575233845475061e+00
1.446497934417944276e+00
1.387733673370914911e+00
3.398168560061076856e-04
3.583085862279320279e-04
3.983866690323829103e-04
4.764111987468760967e-04
4.947956028366683016e-04
9.922134115838568150e-06
9.989010911315843178e-01
9.987649301460453932e-01
8.029681978303498946e-01
3.736650011417757405e-02
3.991946316296409922e-05
9.857669469371149046e-03
2.981775308592897423e-04
9.584064249532462387e-01
9.086448605141236312e-01
8.909165036447057595e-01
2.645630732782558101e-03
9.259470381354809824e-04
9.556169770123220664e-01
-7.582336753043222188e+01
1.326824316318507044e+02
3.647021400571364147e-01
3.959880628621106347e-01
4.474888231076700196e-01
4.936318598544753855e-01
9.787704793935150249e-01
9.887740038775250095e-01
9.709108080916418748e-01
8.081497925645455549e-01
2.959692090341409470e-04
1.956595340137648128e-04
1.381263592604262298e-04
7.096494037551914118e-04
1.702068279462537470e-02
1.705825915031327147e-02
1.716764591702835477e-02
1.770974143949756441e-02
1.272615545682136862e+01
1.267983903206419605e+01
3.144221068935957198e-03
3.260076362656681367e-03
3.498095995418800883e-03
3.916158955303859768e-03
4.006829378817210185e-03
1.427692335735095019e+00
4.217970600784916205e-04
3.616657429602020742e-03
