-7.081909040658989340e+01
1.300047932214324078e+02
9.130145674184433346e+00
4.856063455759633031e-03
7.933188273874912655e-01
7.280044724100681597e-01
1.060018558881101717e-04
2.352375949687218434e-05
9.977875340220834222e-01
9.925387403164287470e-01
6.508582917568161541e+00
1.288054039535176969e+02
1.458751428177407043e-03
9.328686681765749888e-01
5.340240818645586654e-04
9.435219074289346031e-01
1.255707305502651652e-02
9.540144863101314779e-05
1.816341250826295717e+00
9.197353100898201974e-05
3.721635756056677902e-02
1.806854752236300779e-02
2.628615878711730303e-01
6.504708389008266867e-01
1.394700803915383869e+00
7.478565199485046611e-01
8.087227666599527964e-01
4.729177017214697409e-01
2.454233580876011844e-01
4.165624911016282093e-03
