-7.195856108150701402e+01
1.300108944924820946e+02
8.612502042463317409e+00
4.229421008934384184e-03
8.272587715816773768e-01
8.012319576467502591e-01
8.521051323110226264e-05
1.932246890605839333e-05
9.981174561696360970e-01
9.974390320366700591e-01
6.213274432989847718e+00
1.293667235355306957e+02
1.315289659303790683e-03
9.389178201940884261e-01
4.674281807197986477e-04
9.535390509580736751e-01
9.098855146159670615e-03
7.616737416405034691e-05
1.815204109482543515e+00
7.342691035416028494e-05
2.993582445472382433e-02
1.447742025449151419e-02
2.161688688707230632e-01
6.916856170653266078e-01
1.386615054616828768e+00
6.737243805355991322e-01
7.018439627033653538e-01
4.470144606493813844e-01
3.330935611927797191e-01
2.869885184134081651e-03
