-6.459842942294569923e+01
1.299894013777828548e+02
1.031036657936135725e+01
1.030203866207614685e-02
5.483121313185987944e-01
3.594597039613544598e-01
2.280983362005932274e-04
6.794710880532674635e-05
9.942698458836786157e-01
8.598028097152400351e-01
7.689770096401082000e+00
1.274716731833381829e+02
2.556592466465239591e-03
8.885833803758982352e-01
1.077115432466864853e-03
9.108834144705780789e-01
2.393386491626094126e-02
2.960598888708452364e-03
1.817299665765203187e+00
2.023463508888252965e-04
7.794875672884889195e-02
3.863051973589470833e-02
4.287185979843396999e-01
5.041135381671533189e-01
1.424715841265741911e+00
9.840582908427979447e-01
1.240758333669486069e+00
5.417306082235011644e-01
9.345760428118327079e-02
9.929374280058632027e-03
