-7.296913886133022231e+01
1.300203685266938862e+02
7.610262651634230657e+00
3.741399012458119892e-03
8.540179572642206951e-01
8.533397209006231554e-01
6.328579335600513283e-05
1.622298809951048184e-05
9.983704964733037812e-01
9.983672765748495825e-01
5.717643910581149846e+00
1.304366227995597001e+02
1.199755624229319759e-03
9.439079378538113296e-01
4.149801118269683814e-04
9.750886027690521818e-01
2.851248438462625386e-03
6.376026168570655072e-05
1.813795812347573477e+00
5.325134068209254464e-05
2.188491177711661059e-02
1.053807241153369503e-02
1.595959331160451689e-01
7.416200536394443876e-01
1.376885945996033866e+00
5.395151002316970201e-01
5.451694339171553327e-01
3.929971519216998721e-01
6.275697578651914244e-01
1.914013049535056394e-03
