-6.658104978843989841e+01
1.299924761457062345e+02
1.009261613245759648e+01
8.110023366885812587e-03
6.406146378816505171e-01
4.763138600629861497e-01
1.887001833425220514e-04
4.848879435901856633e-05
9.960668831417315294e-01
9.291766480372103398e-01
7.296510721782620834e+00
1.277352989604533064e+02
2.138363230033902846e-03
9.067674224854715970e-01
8.615018627592996346e-04
9.213771639715342410e-01
2.052099059140112536e-02
8.475350138903127916e-04
1.817789229724976252e+00
1.669127060680178993e-04
6.529720410607839365e-02
3.215306003912720562e-02
3.844609036195777430e-01
5.431675425544736369e-01
1.416547093525828416e+00
9.017660395521299721e-01
1.105418783428657736e+00
5.198920219606762982e-01
1.228583123075300820e-01
8.956297769988859347e-03
