8.832797944816469723e-04
5.426301924163297666e-03
1.340548029210536229e-01
1.141731005092889856e-01
2.179121291649378511e-01
1.662520274050156496e-02
2.712684807964808875e-02
5.293523033758355117e-03
1.310075078057574005e-01
4.212129614506833659e-03
2.199720343834151229e-02
2.666686952563951689e-04
4.015300801797471049e-04
2.965876606400666979e-04
3.844864847968248789e+00
8.389572899505121084e-01
1.034088628025408241e+01
1.034156066985193689e+01
5.187571308879874721e-01
1.154017973087453353e+00
-7.485523585051593898e+01
1.711721533977689612e-05
9.984263847419053706e-01
5.986223889663531278e-02
4.526249976538505165e-02
1.200000000000000000e+02
9.576509489811833864e-03
6.802846842810946447e-03
1.034178800849691271e+01
3.357586349625829125e-04
9.269302453971188793e-01
3.605610842565535323e-01
1.749051786991319690e-01
1.439012348058323933e-02
2.976472129094762109e-02
8.127409008525279810e-03
1.213260922062870360e-03
9.509560938501705474e-01
1.141804316701282088e-06
2.858603479199891366e-06
7.145759132985780582e-01
3.252939151072885677e-21
0.000000000000000000e+00
5.739404709406589155e-21
2.676694865513789406e-04
3.324487527773190611e-21
