1.515114282552143922e-03
8.963556365436038328e-03
1.305337095730622066e-01
1.416998952328098194e-01
2.845813076634538530e-01
2.913879845185465139e-02
4.887566738156647744e-02
7.586704498029680534e-03
1.345378874233176536e-01
2.573045281730367700e-03
3.201983177290283061e-02
4.669123290428300291e-04
7.192327611515898778e-04
5.433434853156826659e-04
4.075126115213835831e+00
8.890617637750757307e-01
1.168436355211334110e+01
1.168375232869013480e+01
5.514823095518165408e-01
1.193398344013968160e+00
-6.603015500808065497e+01
7.542642533554723850e-05
9.658007736831233370e-01
1.763854396627679566e-01
1.085044728440397038e-01
1.200000000000000000e+02
4.400075716469721565e-02
1.516196043221159674e-02
1.168392388876690369e+01
1.140896284941067453e-03
8.634741304478589230e-01
4.199751664834323883e-02
8.014292883796228159e-03
7.088657697381861578e-02
2.479532934591367407e-03
3.222053599924497302e-02
2.758474894519672652e-03
7.940264379645228798e-01
8.389520619569192840e-06
7.231076064964073093e-06
4.629215363365604685e-01
