1.152252336560329179e-03
7.049914025986253954e-03
1.324357873124369089e-01
1.264986245957516742e-01
2.499376328915010881e-01
2.121338116894975687e-02
3.578248419257344659e-02
6.376395736537782133e-03
1.330399758696225176e-01
3.268335848700710221e-03
2.676522125715678421e-02
3.508223870298335660e-04
5.165171681544727424e-04
3.938178178733370088e-04
3.967719542520646403e+00
8.656999686835495922e-01
1.103662177065943695e+01
1.103673653227556528e+01
5.354891493307157857e-01
1.174424687898035558e+00
-7.294626174359588333e+01
2.359530035927184102e-05
9.922490298802633113e-01
1.001759806170763323e-01
7.016720421753705472e-02
1.200000000000000000e+02
2.138615976567103186e-02
7.936440905787793196e-03
1.103693433710225058e+01
4.413944860910251882e-04
8.966641925440674843e-01
2.167739662005724877e-01
5.071378104204965487e-02
2.063036923122914257e-02
1.161025452039782940e-02
1.101943597509324503e-02
1.450461946825703455e-03
9.251457337080171150e-01
2.878199992435930802e-06
4.139502473106619320e-06
5.898615336760173467e-01
