7.742568984857454073e-04
4.644078851969657418e-03
1.348384154950539870e-01
1.082297726607444471e-01
2.022983036351402863e-01
1.481242994586194801e-02
2.369073114200554234e-02
4.799537182868129914e-03
1.295671967851231010e-01
4.885782282169387654e-03
1.982515929566801630e-02
2.329800868245086377e-04
3.565939336370089509e-04
2.583381112097150943e-04
3.733695366774507640e+00
8.147224525619469748e-01
9.750156622491060077e+00
9.750736060366143931e+00
5.106699975311754791e-01
1.143943651132916184e+00
-7.437749741428964967e+01
1.853076956220534960e-05
9.985865332442684927e-01
5.002896862312612020e-02
3.735161881906722686e-02
1.200000000000000000e+02
4.603510313979489003e-03
7.021939441402987557e-03
9.750942419465902233e+00
3.532943841493605785e-04
9.420185313383077075e-01
3.490752581557514111e-01
2.280809796138625889e-01
1.579021388108439033e-02
3.582100565371108825e-02
8.773018157967165873e-03
1.266384384316858024e-03
9.497092210135524848e-01
7.131142823168266714e-07
2.370237131035477865e-06
7.687187107423472110e-01
