6.912043357102595634e-04
3.918913156651307808e-03
1.355679630861940654e-01
1.030903646507430327e-01
1.888318848922407589e-01
1.341482031583934170e-02
2.104983523794692890e-02
4.398926899352491836e-03
1.277775151919450236e-01
5.731853712915809147e-03
1.807165431556619767e-02
2.074731314663596463e-04
3.221471986085232947e-04
2.290775891862470480e-04
3.591666238486508345e+00
7.837498179549812205e-01
9.043821499587453516e+00
9.044034109995861215e+00
5.042428957005294921e-01
1.135836534375780360e+00
-7.323585069215671695e+01
2.241136230036151481e-05
9.983357454648381646e-01
4.433056455597753076e-02
3.213230026518255900e-02
1.200000000000000000e+02
1.012845125946753091e-03
7.597252726650806018e-03
9.044195214017118900e+00
4.025558362308543888e-04
9.585352595828028344e-01
3.085935548257540684e-01
2.566979930395436593e-01
1.966066640416566993e-02
3.840578005916463894e-02
1.052311835633921652e-02
1.404324906460898727e-03
9.450337741782937062e-01
4.761239767322464052e-07
1.994770733766128992e-06
8.073051075188799608e-01
