6.456756529190050631e-04
3.241547211530328414e-03
1.362543780399711468e-01
9.964219607355610797e-02
1.806469413988472383e-01
1.254892305564041417e-02
1.955959163774477136e-02
4.170639957019574989e-03
1.254676510372190745e-01
6.849525508388909500e-03
1.708905459078286643e-02
1.935219509294093727e-04
3.008863493526894015e-04
2.126135502200415177e-04
3.406953909568570804e+00
7.434481747225638593e-01
8.198214773972285485e+00
8.197726610109734580e+00
4.958452212486225696e-01
1.125106219986558687e+00
-7.110875410625362747e+01
3.194519277410775931e-05
9.976599379436733583e-01
4.123654078326113165e-02
2.950087371160652755e-02
1.200000000000000000e+02
1.380942572129670368e-05
8.806617653355252803e-03
8.197813624465396742e+00
5.150384118166626913e-04
9.781848636762519034e-01
2.353368322739336216e-01
2.307721734408370307e-01
2.927114626163052416e-02
3.481355951169964880e-02
1.472269699686333880e-02
1.703238291882040820e-03
9.347192518619166224e-01
3.741960115286831691e-07
1.735110427958814341e-06
8.225958596258429179e-01
