-7.335580909976853548e+01
1.300231101010948862e+02
7.456514938855629104e+00
3.569887523795318204e-03
8.629253412257044120e-01
8.625889967532917035e-01
5.995889848176970161e-05
1.517631830260476498e-05
9.984568818938857060e-01
9.984548966745575571e-01
5.529814967387212121e+00
1.306025626251665415e+02
1.158353127346526540e-03
9.456673882968632538e-01
3.967156875270017600e-04
9.814256622593687807e-01
1.576059996282272056e-03
5.975984488345877619e-05
1.814134951045291766e+00
5.052154594905267570e-05
2.078643189173581471e-02
1.000331314984352626e-02
1.525601813709628607e-01
7.478289343335202677e-01
1.375668013506471610e+00
5.124749516943735150e-01
5.176568202547161546e-01
3.808002201383035579e-01
7.293002833760611203e-01
1.869878127173828924e-03
