-7.334533934483671658e+01
1.300193950801281915e+02
8.163265978926052213e+00
3.574430681183126800e-03
8.624237452864642606e-01
8.584506559282387705e-01
7.009782618410222762e-05
1.520591833814466200e-05
9.984537978591702112e-01
9.984383938904434208e-01
5.731020121837767434e+00
1.298547600044996386e+02
1.159506828899317058e-03
9.455901141954847766e-01
3.973488826831488539e-04
9.671037433244340509e-01
4.571590026662198866e-03
5.998912246877063676e-05
1.814079016775267172e+00
6.071715655143735611e-05
2.487788241945069340e-02
1.199841075850997460e-02
1.796428017022602686e-01
7.239274699874074237e-01
1.380344955841724230e+00
6.006634120994144288e-01
6.115236400397102701e-01
4.188744605316124803e-01
4.760802378513631639e-01
2.232442414814272622e-03
