-7.289731147406124023e+01
1.300116590668703793e+02
8.811334080291873150e+00
3.774165717144262275e-03
8.512252667995734434e-01
8.266299980354560040e-01
8.474893640378976353e-05
1.643380910458572592e-05
9.983507166234496522e-01
9.978895639714386867e-01
5.934499169978092681e+00
1.291643161634621606e+02
1.207803014730553281e-03
9.434549439004363824e-01
4.190443658779867430e-04
9.564899163081540534e-01
7.483413309614076955e-03
6.509453464760213447e-05
1.815107453185754949e+00
7.467459713228649881e-05
3.042771644893148622e-02
1.471901173765332443e-02
2.183715007847547296e-01
6.897426030450685142e-01
1.387008938304712835e+00
6.815005572386754196e-01
7.112187733902912701e-01
4.498574689121676573e-01
3.344668611366433120e-01
3.035671804442947354e-03
