-6.532859154051365635e+01
1.296025748443892383e+02
1.020399113208244835e+01
9.433749571405618956e-03
5.751667991669232594e-01
3.674848339072084857e-01
2.193236978661578472e-04
5.999727916253223765e-05
9.948033967751928053e-01
8.655486988949039340e-01
7.204181546732363550e+00
1.275821715235740896e+02
2.393649292415924671e-03
8.936020819804976201e-01
9.924871896036478996e-04
9.129188918410588993e-01
1.872458171041360350e-02
2.635044380634462766e-03
1.804053077962952889e+00
1.959867330289173138e-04
7.572833371924966861e-02
3.749065541010888208e-02
4.243343228143860446e-01
5.079768720397730419e-01
1.423823249100463428e+00
9.809125433885756973e-01
1.226298850918987604e+00
5.408889674556915939e-01
9.515778849102848880e-02
9.544862292958495448e-03
