-6.867023916765336367e+01
1.298366913030186822e+02
1.009983394785953337e+01
6.299484716296072095e-03
7.256314404102205406e-01
5.754669051231146026e-01
1.671817713420274383e-04
3.387653180150686244e-05
9.970600701674046107e-01
9.642493851445429476e-01
6.644797565309300325e+00
1.277499333768531926e+02
1.769845683107967686e-03
9.212270207679417178e-01
6.774868173552641305e-04
9.306386798048208453e-01
1.466926416993174880e-02
3.234998497678678213e-04
1.814768235650662920e+00
1.509023106606758539e-04
5.945190274142869713e-02
2.918809765284273786e-02
3.603547295021737873e-01
5.644422358153922126e-01
1.412189870155884375e+00
8.670179267096767006e-01
1.044702741924010025e+00
5.100424296240911870e-01
1.433720712950465326e-01
8.423919945900857839e-03
