-7.195545364586941162e+01
1.299848782023267120e+02
9.379321799452553066e+00
4.231015484503668385e-03
8.266414887131980915e-01
7.635469498135752930e-01
1.058639693805852694e-04
1.933353635832796652e-05
9.981159325848598662e-01
9.946140801344875992e-01
6.143790809856635171e+00
1.285518329749479562e+02
1.315672173460451667e-03
9.388623326100505873e-01
4.677020366720988044e-04
9.474643381859820801e-01
1.006832898119962641e-02
7.830358282503181971e-05
1.815934232303786366e+00
9.428890224624509849e-05
3.811208006560628386e-02
1.851164307596113445e-02
2.659057222479135896e-01
6.477865862673591879e-01
1.395263620608682587e+00
7.562721589009064882e-01
8.215866464533385649e-01
4.757215791508453417e-01
2.462896915494813821e-01
4.482102665443828474e-03
