0.000000000000000000e+00
-8.086701505786975019e+01
9.341640659564259819e-02
1.626673968422414418e+03
8.103413455215743966e+00
1.248461615977069528e+02
1.626512627587329007e+03
9.341648620943750203e-02
8.912138293172741078e-13
9.615600724375182873e-01
3.770757728976741399e-03
5.551200029783650634e-06
3.632152018483916094e-09
8.021565672194942540e-13
7.196746872685715557e-09
6.473323238970984108e-09
7.987124552838380520e-01
1.957941917745373850e-01
1.973842199939382282e-03
6.758244828152304983e-09
4.628585970387985027e-01
1.061073393473498799e-02
9.603580723268068120e-05
1.378212461674784390e+04
1.418000413093153620e+05
4.145548940273050161e-03
9.999622608795796230e-01
1.656069629710165336e-03
5.102378582759465979e-04
9.530507687027081065e-01
9.973662736226007741e-01
1.114117000465052231e-03
7.437251916467211557e-04
6.457911790996032552e-04
1.300930062676253240e-04
5.102378582759464895e-04
9.871376106417030227e-01
1.556155935377289284e-07
6.479089305832310157e-05
1.293119457236297073e-05
9.480062823462427569e-05
7.157904308145233811e-03
3.112157187868085928e-01
5.103314788672180585e-04
3.899431404378163561e-13
1.193078172823086548e-03
3.623144453729233979e-62
3.490327057228294252e-03
5.883268257341323255e-03
3.955088314501918265e-04
4.450890835558559550e-02
3.623144453729233979e-62
2.392020504557442959e-02
6.409631757232476211e-03
2.487943602893149739e-03
1.722672904837184741e-03
3.623144453729233979e-62
3.771729010415069230e-04
7.236469977472887501e-04
3.474740932057925990e-04
1.300663197603125009e+05
5.077835885584651987e+04
2.353454629215017485e+04
2.193475429650923161e+03
1.951294780916582386e-02
9.059006858204354459e-03
1.097290745607236931e+04
9.355272953094930563e+04
2.873660536074147240e+04
6.773138135999998800e-91
1.449457573520511640e-02
1.340531172584921114e+04
2.242397227000000048e-01
3.691055874362929899e+04
1.340729186539383689e-03
4.134187458740222129e-03
4.430233751340253548e+03
7.006439564914089715e+03
1.421428739399755796e+04
7.736146391767198871e+00
3.812956919899789798e-01
5.158797318717896208e-02
8.896934855542373288e-01
7.537917699024933305e-02
8.253133180240195266e-01
6.836346894590031198e+00
6.205890952934884908e-01
1.172793248690117557e-01
1.154255220889225164e+00
1.320878721807229872e-01
1.033166382908299319e+00
9.274466709388965668e+00
1.086997099323224886e-01
1.546752709064596297e-02
2.929517802985974195e-01
6.863854684997966471e-02
2.353122340286224745e-01
3.382412538606846542e-01
4.724516026049793704e-01
4.126582311816315851e-01
2.320312796996834570e-02
6.026039427000000614e-01
6.026039427000000614e-01
2.596146733999999956e-01
3.675832806561074029e-01
3.813639985236880747e-01
8.911925424514168269e-13
2.705017352932745561e-11
3.518703502905944080e-02
5.240462099449052277e-04
2.926761405972706959e-06
7.264889829369828158e-09
2.434923931628505909e-11
5.758183819156177548e-08
5.179322814598713350e-08
6.762352850634280910e-12
3.515713366261323091e-03
3.645412629998145992e-06
1.452721775154022758e-07
8.299440003044565699e-13
1.221616324185012675e-01
2.809729032368787297e-03
2.543104588306213814e-05
4.120909108449829406e-08
1.716100963315632014e-05
4.908778694839406600e-06
6.953168739055915501e-05
1.895736602454267759e-03
8.242262950178882996e-02
3.801202192214767073e-01
5.102378582759463811e-04
9.871376106417030227e-01
9.214774534662305561e-01
9.908502911784061729e-01
2.087704277460166735e-01
8.650947316412394093e-04
9.999881468970615028e-01
8.234019634609610493e-13
8.894320487059584890e-01
3.483849888853236040e-03
5.128822259603728966e-06
3.355789320455742520e-09
8.233835126247287586e-13
7.410994420627521100e-13
6.649040203710471756e-09
5.980695114316262525e-09
8.262087294708711862e-11
1.074742485883212056e-01
1.600630357627884359e-03
8.939407023472626678e-06
2.218962228473529422e-08
2.065468110870464981e-11
7.436803480000626895e-11
1.758711140730232831e-07
1.581918867039767865e-07
6.077748718812384099e-02
5.784615759556892194e-39
3.591463248721728577e-03
4.069691491412175230e-04
4.580528416365363680e-04
5.784615759556865114e-40
2.305388310923709900e-06
2.397837347070970026e-07
8.407095580865430184e-01
5.091307699653297575e-02
1.156258372859176112e-03
1.167181328402581175e-05
4.422950122010472354e-08
6.580381621622607396e-07
6.098829173889182970e-02
3.693506790928364342e-02
8.388007898159905232e-03
8.466305313149225225e-04
3.204856682956246200e-06
4.754876014839380107e-05
2.965524415409509160e-02
2.144114247273614521e-02
8.598814250313036034e-01
1.204987238944761202e-01
1.351109990415881937e-02
3.035275809067111306e-04
2.161794893007447805e-03
3.643463517573763792e-03
1.184324368744667753e-02
5.102378582759464895e-04
9.972667804206938325e-01
