0.000000000000000000e+00
-8.071425773076407495e+01
1.067440537501520986e-01
1.615541773864981224e+03
9.571403376335979374e+00
1.257053618730133309e+02
1.600945256036959336e+03
1.067832384626736797e-01
8.868950172662077312e-10
9.615600724375182873e-01
3.841180475524261922e-03
5.997958529311800260e-06
1.609759088260058660e-07
2.565162332264014417e-07
3.813350403195525407e-05
1.771884158819531750e-05
4.896035548603948073e-01
5.014341188835510499e-01
5.048425947434142039e-03
2.590338636749102553e-08
4.628585970387985027e-01
9.862574550913692090e-03
9.085540868738251660e-05
1.377900242062686266e+04
1.418008840664949385e+05
4.207922403975440130e-03
9.999400899708019708e-01
6.656489558073001682e-03
5.205221990012425014e-04
8.110427558496557943e-01
9.930710785825662690e-01
1.123014368830172220e-03
9.437550991987309415e-04
4.036746567322665319e-03
8.254053821099468493e-04
5.205221990012425014e-04
9.282822248739527327e-01
1.503639394736373977e-07
8.384837511327083613e-05
1.844439005192083370e-02
2.583747645981504895e-04
7.797271583442225672e-03
3.328569136418277896e-01
3.406651495358538600e-03
4.206394957654398996e-05
1.193078172961930129e-03
3.628651285177452257e-62
3.490327046817150950e-03
5.883268246577784757e-03
3.955088309411877463e-04
4.450890835745614782e-02
3.628651285177452257e-62
2.392020474309973499e-02
6.409631521894732127e-03
2.487943669720491142e-03
1.722672904946532819e-03
3.628651285177452257e-62
3.771728955944319488e-04
7.236469894103737159e-04
3.474740903159368724e-04
1.300642185900663317e+05
5.077744025895708910e+04
2.353411241553804939e+04
2.193434969662705043e+03
1.951294800705542787e-02
9.059006909213185299e-03
1.097273342901809701e+04
9.355115467273714603e+04
2.873614708018579040e+04
6.773138135999998800e-91
1.449457578879895930e-02
1.340506962146106889e+04
2.242397227000000048e-01
3.690989250090599671e+04
1.340729193768687433e-03
4.134187491382093106e-03
4.430152296586227749e+03
7.006310822979843579e+03
1.421402596350155727e+04
7.736146383256524039e+00
3.812956952957028967e-01
5.158797421439553083e-02
8.896934871294994718e-01
7.537917850785604001e-02
8.253133180816466519e-01
6.836346967675796193e+00
6.205890694752133063e-01
1.172793133001622801e-01
1.154255208824358503e+00
1.320878602999296103e-01
1.033166382724403087e+00
9.274466709593156111e+00
1.086997106760569376e-01
1.546752726053977900e-02
2.929517796547961850e-01
6.863854622137702255e-02
2.353122340134208290e-01
3.382412574031141705e-01
4.724515759481140442e-01
4.126582342314211171e-01
2.320312742302354722e-02
6.026039427000000614e-01
6.026039427000000614e-01
2.596146733999999956e-01
3.675832908902497143e-01
3.813640000876620806e-01
8.067477643010134364e-11
2.895779666092722608e-10
3.532894958374049876e-02
5.361331694654241677e-04
3.077159854753959492e-06
2.533506087766739345e-08
3.449289339089252870e-08
4.212096817436231787e-06
2.333052923816672916e-06
3.212268773186114109e-11
3.040204090529543841e-03
8.428269223636350926e-04
3.084309181549713634e-05
2.636653279872770544e-10
1.112366307881381688e-01
2.600551689160997791e-03
2.395733158513102738e-05
3.964992811832258618e-08
2.214164961606526590e-05
4.905216705244577584e-03
1.043792240946323342e-04
2.056489919581335445e-03
8.778646377658501365e-02
3.801202194361140707e-01
5.205221990012425014e-04
9.282822248739527327e-01
9.214774525794838800e-01
9.908502911173233674e-01
2.087704301234687143e-01
8.781516905484821950e-04
9.999769602552485148e-01
3.726957173113675049e-09
8.894320487059584890e-01
3.549344089128790569e-03
5.662731438259065788e-06
2.287748226431186574e-07
2.322232093745832973e-10
1.378650355665193652e-06
3.708739119731705900e-05
3.996692840300657547e-05
1.998880658534029234e-09
1.074930468570544223e-01
1.631296320680593152e-03
9.383345852548595611e-06
9.071269351313921442e-08
1.551426398719614551e-10
4.818653152262465882e-07
1.195733740409248457e-05
1.222417872343432864e-05
6.077748719734465260e-02
5.793407819709999102e-39
3.591463248119885349e-03
4.069691498995924397e-04
4.580528427188941499e-04
5.793407819709912642e-40
2.305388579316206881e-06
2.397837756215239009e-07
6.369911853937272328e-01
3.940364340985991198e-02
9.184645663107264156e-04
9.682593568868574493e-06
4.554894416961096439e-08
9.993812786876967026e-07
1.815994249626410872e-01
1.122329308426187611e-01
2.599991383985835250e-02
2.676250383972307318e-03
1.038154012080473328e-05
1.570969290060375589e-04
2.965524495750718192e-02
2.144114326373095653e-02
8.322528627243335198e-01
1.361292821881117110e-01
1.871522743203852049e-02
7.263410041140333636e-04
3.001787894408934620e-03
9.174533578483929502e-03
1.184324372012242506e-02
5.205221990012425014e-04
9.880882650006206358e-01
