0.000000000000000000e+00
-8.082349196884031528e+01
9.537136585941251299e-02
1.622739161363287849e+03
8.315708076056903764e+00
1.257854332781990365e+02
1.621474525067365903e+03
9.537505792103828650e-02
9.324830018711810925e-13
9.615600724375182873e-01
3.790309131344991259e-03
5.609764969272410388e-06
3.694695334105312012e-09
6.610929829892986463e-12
8.574479892352799937e-09
7.152586078026322574e-09
6.260703402338166912e-01
3.663818321932367783e-01
3.688914217979864362e-03
1.344839483689019812e-08
4.628585970387985027e-01
1.058395176133434569e-02
9.627493035462704430e-05
1.378115891402224042e+04
1.417999278668706247e+05
4.163225084317183876e-03
9.999620031576410550e-01
3.615007763716490598e-03
5.131450372643175072e-04
8.937471817582217648e-01
9.960456416888314735e-01
1.116554825735999179e-03
8.042233810097841216e-04
1.690608028372257796e-03
3.429720760989954137e-04
5.131450372643175072e-04
9.663367527241844002e-01
1.569127562074716266e-07
6.669131925269894574e-05
1.302227255158065018e-03
1.696222169949829054e-04
7.237828916351840731e-03
3.131831673451297982e-01
5.329406077814364835e-04
1.918102207087087966e-09
1.193078172919996875e-03
3.626814745338489602e-62
3.490327055762131557e-03
5.883268256124642853e-03
3.955088313589222781e-04
4.450890835613885432e-02
3.626814745338489602e-62
2.392020500505446720e-02
6.409631725706786166e-03
2.487943611842896065e-03
1.722672904908561023e-03
3.626814745338489602e-62
3.771729003136925756e-04
7.236469965031412785e-04
3.474740926894427781e-04
1.300649189801480097e+05
5.077774645792120282e+04
2.353425704107545971e+04
2.193448456325487314e+03
1.951294794275661507e-02
9.059006893382492639e-03
1.097279143803612715e+04
9.355167962547490606e+04
2.873629984037094619e+04
6.773138135999999890e-91
1.449457575894362929e-02
1.340515032292228716e+04
2.242397227000000048e-01
3.691011458181342459e+04
1.340729191230067728e-03
4.134187480004109481e-03
4.430179448171790682e+03
7.006353736958463742e+03
1.421411310700023569e+04
7.736146387997504092e+00
3.812956934020935718e-01
5.158797363326927260e-02
8.896934862869192440e-01
7.537917769434872295e-02
8.253133180525739077e-01
6.836346940473253753e+00
6.205890791191788214e-01
1.172793176125180720e-01
1.154255213291270010e+00
1.320878646987822258e-01
1.033166382792390259e+00
9.274466708834827600e+00
1.086997101303205648e-01
1.546752715094320413e-02
2.929517804165303052e-01
6.863854696678914347e-02
2.353122340297437443e-01
3.382412553768919250e-01
4.724515859213302971e-01
4.126582321364756778e-01
2.320312806764166652e-02
6.026039426999999504e-01
6.026039426999999504e-01
2.596146733999999956e-01
3.675832874274775341e-01
3.813639995550110462e-01
9.123770238296572651e-13
2.774428907931822630e-11
3.530707509675728994e-02
5.286398638841729829e-04
2.968173434692245509e-06
7.408721421582090197e-09
2.683946317985982084e-11
5.912590813514527799e-08
5.436292065645339563e-08
6.933506685333992946e-12
3.724369187672453042e-03
1.297697214094041757e-04
4.759951690554018885e-06
2.896536554054570653e-11
1.212011534529266604e-01
2.800629114173815593e-03
2.547611347813313822e-05
4.152296353931208346e-08
1.766942921227110163e-05
3.680884082000686667e-04
9.087044304601842677e-05
1.915893650415091470e-03
8.289915434970444863e-02
3.801202193686183950e-01
5.131450372643173987e-04
9.663367527241844002e-01
9.214774529423666038e-01
9.908502913509420473e-01
2.087704289747346620e-01
8.687949345533833466e-04
9.999880670486825940e-01
9.383951202380271688e-13
8.894320487059584890e-01
3.502045259428053763e-03
5.183128937910397596e-06
3.415732684088356408e-09
8.471069253268553444e-13
3.556541442745430763e-11
8.319338952677427733e-09
6.915268332350149213e-09
8.454685380497748940e-11
1.075462366919241880e-01
1.610249227624643755e-03
9.041123923186489755e-06
2.256761561162341016e-08
2.112153474471712003e-11
9.347104128828343078e-11
1.801744013035357469e-07
1.656906518253992782e-07
6.077748719449162229e-02
5.790475649207022587e-39
3.591463248942402750e-03
4.069691492612190252e-04
4.580528423506934543e-04
5.790475649206977725e-40
2.305388349568054142e-06
2.397837404653341807e-07
8.031230941712600435e-01
4.891457157722941401e-02
1.117999857942395892e-03
1.138750365634658677e-05
4.480047153289710587e-08
7.228710121561974072e-07
8.326737887136545502e-02
5.072929833553930373e-02
1.158770706925147005e-02
1.176268088416428754e-03
4.486667446349600600e-06
6.705947640085960768e-05
2.965524468923284515e-02
2.144114293844492924e-02
8.558893755144952875e-01
1.228450874152453159e-01
1.423193851904269204e-02
3.608026810204784736e-04
2.278057510328820000e-03
4.394773181289406486e-03
1.184324370976698286e-02
5.131450372643175072e-04
9.945538088579291003e-01
