-8.055326469026176994e+01
2.228793021611927827e+01
3.313381342452470335e+01
1.866693804977301596e+01
3.221559657407043975e+00
-8.952262032616093990e+00
-1.733788550323619404e+01
-2.276470217659781525e+01
-2.634924182708127915e+01
-2.891524383700274115e+01
-3.094537584212783443e+01
-3.266977772351449261e+01
-3.420441598899591185e+01
-3.563957214958646347e+01
-3.699251310231567658e+01
-3.826047723717702809e+01
-3.944967431905588739e+01
-4.056924616170562814e+01
-4.162993737182294041e+01
-4.264012735991440906e+01
-4.361080713404111009e+01
-4.455030833506389598e+01
-4.546566337176550121e+01
-4.636447095171719468e+01
-4.725049586501437204e+01
-4.813005133543835967e+01
-4.900650282602938290e+01
-4.988380104153380046e+01
-5.076501738251076290e+01
-5.165289064173006750e+01
-5.254981767201511644e+01
-5.345749915213103520e+01
-5.437738464307872732e+01
-5.531190046352996603e+01
-5.626112023950907570e+01
-5.722511962232363203e+01
-5.820573650993057413e+01
-5.920301518686704867e+01
-6.021451274666965503e+01
-6.124203435241641813e+01
-6.228168873578253084e+01
-6.333099220764522386e+01
-6.438731369381642367e+01
-6.544667869840415619e+01
-6.650342652689006684e+01
-6.755319005344171046e+01
-6.858905652808705611e+01
-6.960193345402916520e+01
-7.058606779495134731e+01
-7.153460383532410560e+01
-7.243780263804242736e+01
-7.329895673436843140e+01
-7.411317803940110593e+01
-7.485573794092792355e+01
-7.554126834870396578e+01
-7.617258579881882952e+01
-7.674978731274067911e+01
-7.725863859194454619e+01
-7.771013693745969420e+01
-7.812457890311493713e+01
-7.847957757631886011e+01
-7.878998710905257497e+01
-7.905997497615918235e+01
-7.929567531982425521e+01
-7.950077109184285007e+01
-7.967401742801116882e+01
-7.982379792323882839e+01
-7.995282181104286678e+01
-8.006483328749907002e+01
-8.015970504407793840e+01
-8.024083731002384923e+01
-8.031002577596152037e+01
-8.036816092918348886e+01
-8.041780361440974900e+01
-8.046003961919581116e+01
-8.049621247175907968e+01
-8.052699485640584953e+01
-8.055317656745410204e+01
-8.057544622924305600e+01
-8.059440079407927726e+01
-8.061054770267578817e+01
-8.062431467510288030e+01
-8.063606374712509250e+01
-8.064627625205308448e+01
-8.065484230367276552e+01
-8.066215041745587655e+01
-8.066847859047240377e+01
-8.067377333894887670e+01
-8.067857936895156001e+01
-8.068258489731252325e+01
-8.068606735501167293e+01
-8.068920337170175117e+01
-8.069188724590523520e+01
-8.069424171544319790e+01
-8.069638763987913421e+01
-8.069826480838430882e+01
-8.069993122434189559e+01
-8.070145679071369216e+01
-8.070278515921063445e+01
-8.070411352770757674e+01
-8.070527614695477325e+01
-8.070527614695477325e+01
-8.070527614695477325e+01
-8.070527614695477325e+01
-8.070527614695477325e+01
-8.070527614695477325e+01
-8.070527614695477325e+01
-8.070527614695477325e+01
-8.070527614695477325e+01
-8.070527614695477325e+01
-8.070527614695477325e+01
-8.070527614695477325e+01
-8.070527614695477325e+01
-8.070527614695477325e+01
-8.070527614695477325e+01
-8.070527614695477325e+01
-8.070527614695477325e+01
-8.070527614695477325e+01
-8.070527614695477325e+01
-8.070527614695477325e+01
-8.070527614695477325e+01
-8.070527614695477325e+01
-8.070527614695477325e+01
-8.070527614695477325e+01
-8.070527614695477325e+01
-8.070527614695477325e+01
-8.070527614695477325e+01
-8.070527614695477325e+01
-8.070527614695477325e+01
-8.070527614695477325e+01
-8.070527614695477325e+01
-8.070527614695477325e+01
-8.070527614695477325e+01
-8.070527614695477325e+01
-8.070527614695477325e+01
-8.070527614695477325e+01
-8.070527614695477325e+01
-8.070527614695477325e+01
-8.070527614695477325e+01
-8.070527614695477325e+01
-8.070527614695477325e+01
-8.070527614695477325e+01
-8.070527614695477325e+01
-8.070527614695477325e+01
-8.070527614695477325e+01
-8.070527614695477325e+01
-8.070527614695477325e+01
-8.070527614695477325e+01
-8.070527614695477325e+01
-8.070527614695477325e+01
-8.070527614695477325e+01
-8.070527614695477325e+01
-8.070527614695477325e+01
-8.070527614695477325e+01
-8.070527614695477325e+01
-8.070527614695477325e+01
-8.070527614695477325e+01
-8.070527614695477325e+01
-8.070527614695477325e+01
-8.070527614695477325e+01
-8.070527614695477325e+01
-8.070527614695477325e+01
-8.070527614695477325e+01
-8.070527614695477325e+01
-8.070527614695477325e+01
-8.070527614695477325e+01
-8.070527614695477325e+01
-8.070527614695477325e+01
-8.070527614695477325e+01
-8.070527614695477325e+01
-8.070527614695477325e+01
-8.070527614695477325e+01
-8.070527614695477325e+01
-8.070527614695477325e+01
-8.070527614695477325e+01
-8.070527614695477325e+01
-8.070527614695477325e+01
-8.070527614695477325e+01
-8.070527614695477325e+01
-8.070527614695477325e+01
-8.070527614695477325e+01
-8.070527614695477325e+01
-8.070527614695477325e+01
-8.070527614695477325e+01
-8.070527614695477325e+01
-8.070527614695477325e+01
-8.070527614695477325e+01
-8.070527614695477325e+01
-8.070527614695477325e+01
-8.070527614695477325e+01
-8.070527614695477325e+01
-8.070527614695477325e+01
-8.070527614695477325e+01
-8.070527614695477325e+01
-8.070527614695477325e+01
-8.070527614695477325e+01
-8.070527614695477325e+01
-8.070527614695477325e+01
-8.070527614695477325e+01
-8.070527614695477325e+01
-8.070527614695477325e+01
-8.070527614695477325e+01
-8.070527614695477325e+01
-8.070527614695477325e+01
-8.070527614695477325e+01
-8.070527614695477325e+01
-8.070527614695477325e+01
-8.070527614695477325e+01
-8.070527614695477325e+01
-8.070527614695477325e+01
-8.070527614695477325e+01
-8.070527614695477325e+01
-8.070527614695477325e+01
-8.070527614695477325e+01
-8.070527614695477325e+01
-8.070527614695477325e+01
-8.070527614695477325e+01
-8.070527614695477325e+01
-8.070527614695477325e+01
-8.070527614695477325e+01
-8.070527614695477325e+01
-8.070527614695477325e+01
-8.070527614695477325e+01
-8.070527614695477325e+01
-8.070527614695477325e+01
-8.070527614695477325e+01
-8.070527614695477325e+01
-8.070527614695477325e+01
-8.070527614695477325e+01
-8.070527614695477325e+01
-8.070527614695477325e+01
-8.070527614695477325e+01
-8.070527614695477325e+01
-8.070527614695477325e+01
-8.070527614695477325e+01
-8.070527614695477325e+01
-8.070527614695477325e+01
-8.070527614695477325e+01
-8.070527614695477325e+01
-8.070527614695477325e+01
-8.070527614695477325e+01
-8.070527614695477325e+01
-8.070527614695477325e+01
-8.070527614695477325e+01
-8.070527614695477325e+01
-8.070527614695477325e+01
-8.070527614695477325e+01
-8.070527614695477325e+01
-8.070527614695477325e+01
-8.070527614695477325e+01
-8.070527614695477325e+01
-8.070527614695477325e+01
-8.070527614695477325e+01
-8.070527614695477325e+01
-8.070527614695477325e+01
-8.070527614695477325e+01
-8.070527614695477325e+01
-8.070527614695477325e+01
-8.070527614695477325e+01
-8.070527614695477325e+01
-8.070527614695477325e+01
-8.070527614695477325e+01
-8.070527614695477325e+01
-8.070527614695477325e+01
-8.070527614695477325e+01
-8.070527614695477325e+01
-8.070527614695477325e+01
-8.070527614695477325e+01
-8.070527614695477325e+01
-8.070527614695477325e+01
-8.070527614695477325e+01
-8.070527614695477325e+01
-8.070527614695477325e+01
-8.070527614695477325e+01
-8.070527614695477325e+01
-8.070527614695477325e+01
-8.070527614695477325e+01
-8.070527614695477325e+01
-8.070527614695477325e+01
-8.070527614695477325e+01
-8.070527614695477325e+01
-8.070527614695477325e+01
-8.070527614695477325e+01
-8.070527614695477325e+01
-8.070527614695477325e+01
-8.070527614695477325e+01
-8.070527614695477325e+01
-8.070527614695477325e+01
-8.070527614695477325e+01
-8.070527614695477325e+01
-8.070527614695477325e+01
-8.070527614695477325e+01
-8.070527614695477325e+01
-8.070527614695477325e+01
-8.070527614695477325e+01
-8.070527614695477325e+01
-8.070527614695477325e+01
-8.070527614695477325e+01
-8.070527614695477325e+01
-8.070527614695477325e+01
-8.070527614695477325e+01
-8.070527614695477325e+01
-8.070527614695477325e+01
-8.070527614695477325e+01
-8.070527614695477325e+01
-8.070527614695477325e+01
-8.070527614695477325e+01
-8.070527614695477325e+01
-8.070527614695477325e+01
-8.070527614695477325e+01
-8.070527614695477325e+01
-8.070527614695477325e+01
-8.070527614695477325e+01
-8.070527614695477325e+01
-8.070527614695477325e+01
-8.070527614695477325e+01
-8.070527614695477325e+01
-8.070527614695477325e+01
-8.070527614695477325e+01
-8.070527614695477325e+01
-8.070527614695477325e+01
-8.070527614695477325e+01
-8.070527614695477325e+01
-8.070527614695477325e+01
-8.070527614695477325e+01
-8.070527614695477325e+01
-8.070527614695477325e+01
-8.070527614695477325e+01
-8.070527614695477325e+01
-8.070527614695477325e+01
-8.070527614695477325e+01
-8.070527614695477325e+01
-8.070527614695477325e+01
-8.070527614695477325e+01
-8.070527614695477325e+01
-8.070527614695477325e+01
-8.070527614695477325e+01
-8.070527614695477325e+01
-8.070527614695477325e+01
-8.070527614695477325e+01
-8.070527614695477325e+01
-8.070527614695477325e+01
-8.070527614695477325e+01
-8.070527614695477325e+01
-8.070527614695477325e+01
-8.070527614695477325e+01
-8.070527614695477325e+01
-8.070527614695477325e+01
-8.070527614695477325e+01
-8.070527614695477325e+01
-8.070527614695477325e+01
-8.070527614695477325e+01
-8.070527614695477325e+01
-8.070527614695477325e+01
-8.070527614695477325e+01
-8.070527614695477325e+01
-8.070527614695477325e+01
-8.070527614695477325e+01
-8.070527614695477325e+01
-8.070527614695477325e+01
-8.070527614695477325e+01
-8.070527614695477325e+01
-8.070527614695477325e+01
-8.070527614695477325e+01
-8.070527614695477325e+01
-8.070527614695477325e+01
-8.070527614695477325e+01
-8.070527614695477325e+01
-8.070527614695477325e+01
-8.070527614695477325e+01
-8.070527614695477325e+01
-8.070527614695477325e+01
-8.070527614695477325e+01
-8.070527614695477325e+01
-8.070527614695477325e+01
-8.070527614695477325e+01
-8.070527614695477325e+01
-8.070527614695477325e+01
-8.070527614695477325e+01
-8.070527614695477325e+01
-8.070527614695477325e+01
-8.070527614695477325e+01
-8.070527614695477325e+01
-8.070527614695477325e+01
-8.070527614695477325e+01
-8.070527614695477325e+01
-8.070527614695477325e+01
-8.070527614695477325e+01
-8.070527614695477325e+01
-8.070527614695477325e+01
-8.070527614695477325e+01
-8.070527614695477325e+01
-8.070527614695477325e+01
-8.070527614695477325e+01
-8.070527614695477325e+01
-8.070527614695477325e+01
-8.070527614695477325e+01
-8.070527614695477325e+01
-8.070527614695477325e+01
-8.070527614695477325e+01
-8.070527614695477325e+01
-8.070527614695477325e+01
-8.070527614695477325e+01
-8.070527614695477325e+01
-8.070527614695477325e+01
-8.070527614695477325e+01
-8.070527614695477325e+01
-8.070527614695477325e+01
-8.070527614695477325e+01
-8.070527614695477325e+01
-8.070527614695477325e+01
-8.070527614695477325e+01
-8.070527614695477325e+01
-8.070527614695477325e+01
-8.070527614695477325e+01
-8.070527614695477325e+01
-8.070527614695477325e+01
-8.070527614695477325e+01
-8.070527614695477325e+01
-8.070527614695477325e+01
-8.070527614695477325e+01
-8.070527614695477325e+01
-8.070527614695477325e+01
-8.070527614695477325e+01
-8.070527614695477325e+01
-8.070527614695477325e+01
-8.070527614695477325e+01
-8.070527614695477325e+01
-8.070527614695477325e+01
-8.070527614695477325e+01
-8.070527614695477325e+01
-8.070527614695477325e+01
-8.070527614695477325e+01
-8.070527614695477325e+01
-8.070527614695477325e+01
-8.070527614695477325e+01
-8.070527614695477325e+01
-8.070527614695477325e+01
-8.070527614695477325e+01
-8.070527614695477325e+01
-8.070527614695477325e+01
-8.070527614695477325e+01
-8.070527614695477325e+01
-8.070527614695477325e+01
-8.070527614695477325e+01
-8.070527614695477325e+01
-8.070527614695477325e+01
-8.070527614695477325e+01
-8.070527614695477325e+01
-8.070527614695477325e+01
-8.070527614695477325e+01
-8.070527614695477325e+01
-8.070527614695477325e+01
-8.070527614695477325e+01
-8.070527614695477325e+01
-8.070527614695477325e+01
-8.070527614695477325e+01
-8.070527614695477325e+01
-8.070527614695477325e+01
-8.070527614695477325e+01
-8.070527614695477325e+01
-8.070527614695477325e+01
-8.070527614695477325e+01
-8.070527614695477325e+01
-8.070527614695477325e+01
-8.070527614695477325e+01
-8.070527614695477325e+01
-8.070527614695477325e+01
-8.070527614695477325e+01
-8.070527614695477325e+01
-8.070527614695477325e+01
-8.070527614695477325e+01
-8.070527614695477325e+01
-8.070527614695477325e+01
-8.070527614695477325e+01
-8.070527614695477325e+01
-8.070527614695477325e+01
-8.070527614695477325e+01
-8.070527614695477325e+01
-8.070527614695477325e+01
-8.070527614695477325e+01
-8.070527614695477325e+01
-8.070527614695477325e+01
-8.070527614695477325e+01
-8.070527614695477325e+01
-8.070527614695477325e+01
-8.070527614695477325e+01
-8.070527614695477325e+01
-8.070527614695477325e+01
-8.070527614695477325e+01
-8.070527614695477325e+01
-8.070527614695477325e+01
-8.070527614695477325e+01
-8.070527614695477325e+01
-8.070527614695477325e+01
-8.070527614695477325e+01
-8.070527614695477325e+01
-8.070527614695477325e+01
-8.070527614695477325e+01
-8.070527614695477325e+01
-8.070527614695477325e+01
-8.070527614695477325e+01
-8.070527614695477325e+01
-8.070527614695477325e+01
-8.070527614695477325e+01
-8.070527614695477325e+01
-8.070527614695477325e+01
-8.070527614695477325e+01
-8.070527614695477325e+01
-8.070527614695477325e+01
-8.070527614695477325e+01
-8.070527614695477325e+01
-8.070527614695477325e+01
-8.070527614695477325e+01
-8.070527614695477325e+01
-8.070527614695477325e+01
-8.070527614695477325e+01
-8.070527614695477325e+01
-8.070527614695477325e+01
-8.070527614695477325e+01
-8.070527614695477325e+01
-8.070527614695477325e+01
-8.070527614695477325e+01
-8.070527614695477325e+01
-8.070527614695477325e+01
-8.070527614695477325e+01
-8.070527614695477325e+01
-8.070527614695477325e+01
-8.070527614695477325e+01
-8.070527614695477325e+01
-8.070527614695477325e+01
-8.070527614695477325e+01
-8.070527614695477325e+01
-8.070527614695477325e+01
-8.070527614695477325e+01
-8.070527614695477325e+01
-8.070527614695477325e+01
-8.070527614695477325e+01
-8.070527614695477325e+01
-8.070527614695477325e+01
-8.070527614695477325e+01
-8.070527614695477325e+01
-8.070527614695477325e+01
-8.070527614695477325e+01
-8.070527614695477325e+01
-8.070527614695477325e+01
-8.070527614695477325e+01
-8.070527614695477325e+01
-8.070527614695477325e+01
-8.070527614695477325e+01
-8.070527614695477325e+01
-8.070527614695477325e+01
-8.070527614695477325e+01
-8.070527614695477325e+01
-8.070527614695477325e+01
-8.070527614695477325e+01
-8.070527614695477325e+01
-8.070527614695477325e+01
-8.070527614695477325e+01
-8.070527614695477325e+01
-8.070527614695477325e+01
-8.070527614695477325e+01
-8.070527614695477325e+01
-8.070527614695477325e+01
-8.070527614695477325e+01
-8.070527614695477325e+01
-8.070527614695477325e+01
-8.070527614695477325e+01
-8.070527614695477325e+01
-8.070527614695477325e+01
-8.070527614695477325e+01
-8.070527614695477325e+01
-8.070527614695477325e+01
-8.070527614695477325e+01
-8.070527614695477325e+01
-8.070527614695477325e+01
-8.070527614695477325e+01
-8.070527614695477325e+01
-8.070527614695477325e+01
-8.070527614695477325e+01
-8.070527614695477325e+01
-8.070527614695477325e+01
-8.070527614695477325e+01
-8.070527614695477325e+01
-8.070527614695477325e+01
-8.070527614695477325e+01
-8.070527614695477325e+01
-8.070527614695477325e+01
-8.070527614695477325e+01
-8.070527614695477325e+01
-8.070527614695477325e+01
-8.070527614695477325e+01
-8.070527614695477325e+01
-8.070527614695477325e+01
-8.070527614695477325e+01
-8.070527614695477325e+01
-8.070527614695477325e+01
-8.070527614695477325e+01
-8.070527614695477325e+01
-8.070527614695477325e+01
-8.070527614695477325e+01
-8.070527614695477325e+01
-8.070527614695477325e+01
-8.070527614695477325e+01
-8.070527614695477325e+01
-8.070527614695477325e+01
-8.070527614695477325e+01
-8.070527614695477325e+01
-8.070527614695477325e+01
-8.070527614695477325e+01
-8.070527614695477325e+01
-8.070527614695477325e+01
-8.070527614695477325e+01
-8.070527614695477325e+01
-8.070527614695477325e+01
-8.070527614695477325e+01
-8.070527614695477325e+01
-8.070527614695477325e+01
-8.070527614695477325e+01
-8.070527614695477325e+01
-8.070527614695477325e+01
-8.070527614695477325e+01
-8.070527614695477325e+01
-8.070527614695477325e+01
-8.070527614695477325e+01
-8.070527614695477325e+01
-8.070527614695477325e+01
-8.070527614695477325e+01
-8.070527614695477325e+01
-8.070527614695477325e+01
-8.070527614695477325e+01
-8.070527614695477325e+01
-8.070527614695477325e+01
-8.070527614695477325e+01
-8.070527614695477325e+01
-8.070527614695477325e+01
-8.070527614695477325e+01
-8.070527614695477325e+01
-8.070527614695477325e+01
-8.070527614695477325e+01
-8.070527614695477325e+01
-8.070527614695477325e+01
-8.070527614695477325e+01
-8.070527614695477325e+01
-8.070527614695477325e+01
-8.070527614695477325e+01
-8.070527614695477325e+01
-8.070527614695477325e+01
-8.070527614695477325e+01
-8.070527614695477325e+01
-8.070527614695477325e+01
-8.070527614695477325e+01
-8.070527614695477325e+01
-8.070527614695477325e+01
-8.070527614695477325e+01
-8.070527614695477325e+01
-8.070527614695477325e+01
-8.070527614695477325e+01
-8.070527614695477325e+01
-8.070527614695477325e+01
-8.070527614695477325e+01
-8.070527614695477325e+01
-8.070527614695477325e+01
-8.070527614695477325e+01
-8.070527614695477325e+01
-8.070527614695477325e+01
-8.070527614695477325e+01
-8.070527614695477325e+01
-8.070527614695477325e+01
-8.070527614695477325e+01
-8.070527614695477325e+01
-8.070527614695477325e+01
-8.070527614695477325e+01
-8.070527614695477325e+01
-8.070527614695477325e+01
-8.070527614695477325e+01
-8.070527614695477325e+01
-8.070527614695477325e+01
-8.070527614695477325e+01
-8.070527614695477325e+01
-8.070527614695477325e+01
-8.070527614695477325e+01
-8.070527614695477325e+01
-8.070527614695477325e+01
-8.070527614695477325e+01
-8.070527614695477325e+01
-8.070527614695477325e+01
-8.070527614695477325e+01
-8.070527614695477325e+01
-8.070527614695477325e+01
-8.070527614695477325e+01
-8.070527614695477325e+01
-8.070527614695477325e+01
-8.070527614695477325e+01
-8.070527614695477325e+01
-8.070527614695477325e+01
-8.070527614695477325e+01
-8.070527614695477325e+01
-8.070527614695477325e+01
-8.070527614695477325e+01
-8.070527614695477325e+01
-8.070527614695477325e+01
-8.070527614695477325e+01
-8.070527614695477325e+01
-8.070527614695477325e+01
-8.070527614695477325e+01
-8.070527614695477325e+01
-8.070527614695477325e+01
-8.070527614695477325e+01
-8.070527614695477325e+01
-8.070527614695477325e+01
-8.070527614695477325e+01
-8.070527614695477325e+01
-8.070527614695477325e+01
-8.070527614695477325e+01
-8.070527614695477325e+01
-8.070527614695477325e+01
-8.070527614695477325e+01
-8.070527614695477325e+01
-8.070527614695477325e+01
-8.070527614695477325e+01
-8.070527614695477325e+01
-8.070527614695477325e+01
-8.070527614695477325e+01
-8.070527614695477325e+01
-8.070527614695477325e+01
-8.070527614695477325e+01
-8.070527614695477325e+01
-8.070527614695477325e+01
-8.070527614695477325e+01
-8.070527614695477325e+01
-8.070527614695477325e+01
-8.070527614695477325e+01
-8.070527614695477325e+01
-8.070527614695477325e+01
-8.070527614695477325e+01
-8.070527614695477325e+01
-8.070527614695477325e+01
-8.070527614695477325e+01
-8.070527614695477325e+01
-8.070527614695477325e+01
-8.070527614695477325e+01
-8.070527614695477325e+01
-8.070527614695477325e+01
-8.070527614695477325e+01
-8.070527614695477325e+01
-8.070527614695477325e+01
-8.070527614695477325e+01
-8.070527614695477325e+01
-8.070527614695477325e+01
-8.070527614695477325e+01
-8.070527614695477325e+01
-8.070527614695477325e+01
-8.070527614695477325e+01
-8.070527614695477325e+01
-8.070527614695477325e+01
-8.070527614695477325e+01
-8.070527614695477325e+01
-8.070527614695477325e+01
-8.070527614695477325e+01
-8.070527614695477325e+01
-8.070527614695477325e+01
-8.070527614695477325e+01
-8.070527614695477325e+01
-8.070527614695477325e+01
-8.070527614695477325e+01
-8.070527614695477325e+01
-8.070527614695477325e+01
-8.070527614695477325e+01
-8.070527614695477325e+01
-8.070527614695477325e+01
-8.070527614695477325e+01
-8.070527614695477325e+01
-8.070527614695477325e+01
-8.070527614695477325e+01
-8.070527614695477325e+01
-8.070527614695477325e+01
-8.070527614695477325e+01
-8.070527614695477325e+01
-8.070527614695477325e+01
-8.070527614695477325e+01
-8.070527614695477325e+01
-8.070527614695477325e+01
-8.070527614695477325e+01
-8.070527614695477325e+01
-8.070527614695477325e+01
-8.070527614695477325e+01
-8.070527614695477325e+01
-8.070527614695477325e+01
-8.070527614695477325e+01
-8.070527614695477325e+01
-8.070527614695477325e+01
-8.070527614695477325e+01
-8.070527614695477325e+01
-8.070527614695477325e+01
-8.070527614695477325e+01
-8.070527614695477325e+01
-8.070527614695477325e+01
-8.070527614695477325e+01
-8.070527614695477325e+01
-8.070527614695477325e+01
-8.070527614695477325e+01
-8.070527614695477325e+01
-8.070527614695477325e+01
-8.070527614695477325e+01
-8.070527614695477325e+01
-8.070527614695477325e+01
-8.070527614695477325e+01
-8.070527614695477325e+01
-8.070527614695477325e+01
-8.070527614695477325e+01
-8.070527614695477325e+01
-8.070527614695477325e+01
-8.070527614695477325e+01
-8.070527614695477325e+01
-8.070527614695477325e+01
-8.070527614695477325e+01
-8.070527614695477325e+01
-8.070527614695477325e+01
-8.070527614695477325e+01
-8.070527614695477325e+01
-8.070527614695477325e+01
-8.070527614695477325e+01
-8.070527614695477325e+01
-8.070527614695477325e+01
-8.070527614695477325e+01
-8.070527614695477325e+01
-8.070527614695477325e+01
-8.070527614695477325e+01
-8.070527614695477325e+01
-8.070527614695477325e+01
-8.070527614695477325e+01
-8.070527614695477325e+01
-8.070527614695477325e+01
-8.070527614695477325e+01
-8.070527614695477325e+01
-8.070527614695477325e+01
-8.070527614695477325e+01
-8.070527614695477325e+01
-8.070527614695477325e+01
-8.070527614695477325e+01
-8.070527614695477325e+01
-8.070527614695477325e+01
-8.070527614695477325e+01
-8.070527614695477325e+01
-8.070527614695477325e+01
-8.070527614695477325e+01
-8.070527614695477325e+01
-8.070527614695477325e+01
-8.070527614695477325e+01
-8.070527614695477325e+01
-8.070527614695477325e+01
-8.070527614695477325e+01
-8.070527614695477325e+01
-8.070527614695477325e+01
-8.070527614695477325e+01
-8.070527614695477325e+01
-8.070527614695477325e+01
-8.070527614695477325e+01
-8.070527614695477325e+01
-8.070527614695477325e+01
-8.070527614695477325e+01
-8.070527614695477325e+01
-8.070527614695477325e+01
-8.070527614695477325e+01
-8.070527614695477325e+01
-8.070527614695477325e+01
-8.070527614695477325e+01
-8.070527614695477325e+01
-8.070527614695477325e+01
-8.070527614695477325e+01
-8.070527614695477325e+01
-8.070527614695477325e+01
-8.070527614695477325e+01
-8.070527614695477325e+01
-8.070527614695477325e+01
-8.070527614695477325e+01
-8.070527614695477325e+01
-8.070527614695477325e+01
-8.070527614695477325e+01
-8.070527614695477325e+01
-8.070527614695477325e+01
-8.070527614695477325e+01
-8.070527614695477325e+01
-8.070527614695477325e+01
-8.070527614695477325e+01
-8.070527614695477325e+01
-8.070527614695477325e+01
-8.070527614695477325e+01
-8.070527614695477325e+01
-8.070527614695477325e+01
-8.070527614695477325e+01
-8.070527614695477325e+01
-8.070527614695477325e+01
-8.070527614695477325e+01
-8.070527614695477325e+01
-8.070527614695477325e+01
-8.070527614695477325e+01
-8.070527614695477325e+01
-8.070527614695477325e+01
-8.070527614695477325e+01
-8.070527614695477325e+01
-8.070527614695477325e+01
-8.070527614695477325e+01
-8.070527614695477325e+01
-8.070527614695477325e+01
-8.070527614695477325e+01
-8.070527614695477325e+01
-8.070527614695477325e+01
-8.070527614695477325e+01
-8.070527614695477325e+01
-8.070527614695477325e+01
-8.070527614695477325e+01
-8.070527614695477325e+01
-8.070527614695477325e+01
-8.070527614695477325e+01
-8.070527614695477325e+01
-8.070527614695477325e+01
-8.070527614695477325e+01
-8.070527614695477325e+01
-8.070527614695477325e+01
-8.070527614695477325e+01
-8.070527614695477325e+01
-8.070527614695477325e+01
-8.070527614695477325e+01
-8.070527614695477325e+01
-8.070527614695477325e+01
-8.070527614695477325e+01
-8.070527614695477325e+01
-8.070527614695477325e+01
-8.070527614695477325e+01
-8.070527614695477325e+01
-8.070527614695477325e+01
-8.070527614695477325e+01
-8.070527614695477325e+01
-8.070527614695477325e+01
-8.070527614695477325e+01
-8.070527614695477325e+01
-8.070527614695477325e+01
-8.070527614695477325e+01
-8.070527614695477325e+01
-8.070527614695477325e+01
-8.070527614695477325e+01
-8.070527614695477325e+01
-8.070527614695477325e+01
-8.070527614695477325e+01
-8.070527614695477325e+01
-8.070527614695477325e+01
-8.070527614695477325e+01
-8.070527614695477325e+01
-8.070527614695477325e+01
-8.070527614695477325e+01
-8.070527614695477325e+01
-8.070527614695477325e+01
-8.070527614695477325e+01
-8.070527614695477325e+01
-8.070527614695477325e+01
-8.070527614695477325e+01
-8.070527614695477325e+01
-8.070527614695477325e+01
-8.070527614695477325e+01
-8.070527614695477325e+01
-8.070527614695477325e+01
-8.070527614695477325e+01
-8.070527614695477325e+01
-8.070527614695477325e+01
-8.070527614695477325e+01
-8.070527614695477325e+01
-8.070527614695477325e+01
-8.070527614695477325e+01
-8.070527614695477325e+01
-8.070527614695477325e+01
-8.070527614695477325e+01
-8.070527614695477325e+01
-8.070527614695477325e+01
-8.070527614695477325e+01
-8.070527614695477325e+01
-8.070527614695477325e+01
-8.070527614695477325e+01
-8.070527614695477325e+01
-8.070527614695477325e+01
-8.070527614695477325e+01
-8.070527614695477325e+01
-8.070527614695477325e+01
-8.070527614695477325e+01
-8.070527614695477325e+01
-8.070527614695477325e+01
-8.070527614695477325e+01
-8.070527614695477325e+01
-8.070527614695477325e+01
-8.070527614695477325e+01
-8.070527614695477325e+01
-8.070527614695477325e+01
-8.070527614695477325e+01
-8.070527614695477325e+01
-8.070527614695477325e+01
-8.070527614695477325e+01
-8.070527614695477325e+01
-8.070527614695477325e+01
-8.070527614695477325e+01
-8.070527614695477325e+01
