-6.767277788539324490e+01
1.299946577232756511e+02
9.917236371288639774e+00
7.107558597126010895e-03
6.842319454754189900e-01
5.387417485416278184e-01
1.664378281635748734e-04
4.029040164354960477e-05
9.966025303981084216e-01
9.534317024545048147e-01
7.101614314274772966e+00
1.279353818206590603e+02
1.938357676398442392e-03
9.142835010144853003e-01
7.630685863436019196e-04
9.265146776532079409e-01
1.870548444265048363e-02
4.222914442825140302e-04
1.817726255315921025e+00
1.464958493952930191e-04
5.785132381833765769e-02
2.838208386552556334e-02
3.576987927974720760e-01
5.667798580686517207e-01
1.411628413087469447e+00
8.661480056111390269e-01
1.033742366411195768e+00
5.097420754160494338e-01
1.435825428879430599e-01
7.930929944436707416e-03
