-7.304961574478430464e+01
1.300214464431987551e+02
7.387000481900791726e+00
3.705038545984978924e-03
8.559361405868651795e-01
8.555496751873289396e-01
6.005205927076773075e-05
1.599913603977217707e-05
9.983889457436907477e-01
9.983866435587934740e-01
5.618690146118625606e+00
1.306736878663562891e+02
1.191013401774716242e-03
9.442814650320275893e-01
4.110959982555766642e-04
9.809217217442839365e-01
1.727930578493647000e-03
6.289389274450381956e-05
1.813902537750540001e+00
5.011900646557910198e-05
2.062424024097272990e-02
9.924408238704855376e-03
1.515351058421896546e-01
7.487335119766270752e-01
1.375490390366234328e+00
5.092274402863674609e-01
5.140766549945096076e-01
3.793022289010629100e-01
7.299479326005968716e-01
1.821158921406575842e-03
