-7.270845364868100091e+01
1.300170593937208707e+02
8.029862603424676948e+00
3.861640628306281953e-03
8.474923048444360507e-01
8.431584985280125011e-01
7.043458988533482989e-05
1.697122363085047168e-05
9.983087605340873472e-01
9.982893275837388947e-01
5.915692507550970980e+00
1.299906889317026071e+02
1.228547351087215262e-03
9.426627939924498989e-01
4.279068091211804623e-04
9.653803752829943630e-01
5.365340585269563409e-03
6.673080270793666641e-05
1.814114554838461846e+00
5.999942041647737394e-05
2.459129546725763102e-02
1.185841720804915386e-02
1.780442248852981135e-01
7.253379836823362625e-01
1.380065087599508189e+00
5.953127593739037104e-01
6.054734620749031571e-01
4.166969001778018100e-01
4.751839730109425619e-01
2.142928445823896137e-03
