-6.934586158512746579e+01
1.299992256828612369e+02
9.569318718700818849e+00
5.804942612733011466e-03
7.448556763242143441e-01
6.361796628472545789e-01
1.335150109900044911e-04
3.029635899173289880e-05
9.972860966501143620e-01
9.789768795679276714e-01
6.804411939020552857e+00
1.283233536116941025e+02
1.666955349596305810e-03
9.245238939389262001e-01
6.324509635282056855e-04
9.346510767507855144e-01
1.575091528993309911e-02
1.610784269286505996e-04
1.817237085180458456e+00
1.165674910420640495e-04
4.666904363483425494e-02
2.276885827817464597e-02
3.117968805347037242e-01
6.072827544363893493e-01
1.403331846466952415e+00
8.118213774423316265e-01
9.213804974206002418e-01
4.934421961291935443e-01
1.857929647766041192e-01
5.984294649088481126e-03
