-6.934566893084836181e+01
1.299992092963893811e+02
9.569339548532983741e+00
5.805074495415424307e-03
7.449350526341318446e-01
6.370805695891670339e-01
1.335396309824659396e-04
3.029635118016972136e-05
9.972863559352800333e-01
9.792012625067537668e-01
6.804097448755364042e+00
1.283233583024451718e+02
1.666967902230946305e-03
9.245327681230158801e-01
6.324167834955231370e-04
9.346694896828071641e-01
1.572966518031408342e-02
1.597372543429499052e-04
1.817334766068017249e+00
1.165994126875335193e-04
4.668046352581883829e-02
2.277447712900044358e-02
3.116272494688971384e-01
6.074327726579886733e-01
1.403305668899259562e+00
8.118651574544921701e-01
9.215216705945483699e-01
4.934574432247258446e-01
1.862185850750854021e-01
6.001014856394023232e-03
