-7.270892770958465690e+01
1.300170904404882606e+02
8.029832154566120650e+00
3.861418492753513048e-03
8.475055571457134063e-01
8.431955910637418672e-01
7.043183774471482991e-05
1.696982179562001806e-05
9.983088786271164805e-01
9.982896114581362168e-01
5.915561672022777273e+00
1.299907252818795200e+02
1.228494140974898318e-03
9.426652169957235872e-01
4.278822710601478860e-04
9.653895803248303542e-01
5.358683589604037838e-03
6.672470667201834045e-05
1.814133938359418829e+00
5.999766461547752916e-05
2.459058083879292478e-02
1.185806665627104489e-02
1.780282847722188255e-01
7.253520647307099001e-01
1.380062476977939490e+00
5.953120059584956492e-01
6.054690309320124308e-01
4.166966655729175684e-01
4.755349981114911362e-01
2.144326136384570088e-03
