-7.304979665926325083e+01
1.300214730799303879e+02
7.386998336632474960e+00
3.704957205875520233e-03
8.559403371255817072e-01
8.555539256214266253e-01
6.005160326282779225e-05
1.599863715024611209e-05
9.983889866808463021e-01
9.983866844422214504e-01
5.618617494357727615e+00
1.306736931201253071e+02
1.190993840356258755e-03
9.442822911858890222e-01
4.110873629971406769e-04
9.809267539615245113e-01
1.726409118442255933e-03
6.289200232406590065e-05
1.813913589251393788e+00
5.011883986474420830e-05
2.062417330139893618e-02
9.924375697777368041e-03
1.515346834535226672e-01
7.487338847106363993e-01
1.375490317167649357e+00
5.092183166623163171e-01
5.140701340120421570e-01
3.792980103236445744e-01
7.301039785968596041e-01
1.821541506896628927e-03
