-7.416037635770349823e+01
3.463691873989151460e-01
8.758712067554041557e-05
7.389061653649704020e+00
1.042812603178302879e+02
0.000000000000000000e+00
4.842060570902123238e-04
4.751821566482242742e-01
1.004254565302968416e+00
1.097295930846496625e-02
4.347293170057370815e-01
6.525745507670788204e-02
7.018844687204535138e-01
3.694857215811625517e-01
3.545913479578356731e-02
2.427934580179919380e-02
9.776035545944540273e-01
3.037007516318265040e-04
3.431700803113752352e-04
9.061033927810826505e-01
2.867474465164759206e-02
6.599597731098147207e-05
2.229650223364599074e-03
3.584624662806101358e-04
5.951603036720533035e-01
