-7.513846632781779533e+01
3.491043035359565616e-01
1.477971309196491397e-04
7.462613938270042269e+00
1.041941778272435499e+02
0.000000000000000000e+00
4.204441202301343488e-04
2.819645188815506631e-01
9.945095536793500113e-01
1.001749614475581224e-01
4.456340540505862591e-01
8.149970154574358305e-02
7.286592689050177540e-01
2.168203832792556518e-01
3.145527260761073196e-02
1.292245693075783249e-02
9.279147013574665648e-01
2.780631767325916119e-04
2.914062114361052453e-04
8.923033670776556736e-01
1.703614243942786280e-02
1.148183656675402038e-04
6.579703176752981289e-03
3.203878660146535916e-04
5.229463681774844108e-01
