-7.470021806802660080e+01
3.479373418259256168e-01
1.099872912062349367e-04
7.465272591758567167e+00
1.042002787273768973e+02
0.000000000000000000e+00
4.482684532983528857e-04
3.846830301630876359e-01
1.002285609884823403e+00
3.401407656257387363e-02
4.406920186493685776e-01
6.745808541537637315e-02
7.166400680267585033e-01
2.993988173173989797e-01
3.320001253330014113e-02
1.893444614416386548e-02
9.692792248012525036e-01
2.894441207622705471e-04
3.136566975847103673e-04
9.094041219098496498e-01
2.270286208723520938e-02
8.355269462030420345e-05
3.586958226308885594e-03
3.374057240305733288e-04
5.585610587815472705e-01
