-7.104380039757108989e+01
3.425219522222042179e-01
7.013661043010719904e-05
7.150839210323087336e+00
1.045259293486753336e+02
0.000000000000000000e+00
7.502733806414827204e-04
6.196562607145013057e-01
1.005346481730665209e+00
1.841258138898265633e-03
4.011361408911444659e-01
7.144228851704703676e-02
6.115455221356062010e-01
4.672577324233685436e-01
5.165188112712169183e-02
3.195511207316319158e-02
9.735243798395279979e-01
3.985198276234667861e-04
5.761758534207363745e-04
8.632793379414210877e-01
3.791402378773713056e-02
5.451499590775788645e-05
1.381292704975720272e-03
5.002267282201539825e-04
6.602306325130289366e-01
