-7.324265561665637847e+01
3.444268907634539523e-01
7.521675913638807532e-05
7.276921904380831307e+00
1.043972214785284507e+02
0.000000000000000000e+00
5.519651839187228806e-04
5.530995240501027643e-01
1.005057241629030651e+00
3.713082255614110535e-03
4.246706995680818442e-01
6.682253890680597830e-02
6.760311586122096372e-01
4.261690155890574538e-01
3.965073360134072772e-02
2.873674977764881580e-02
9.774418206809618592e-01
3.294448293722766112e-04
3.998790368429260738e-04
8.940883398164679585e-01
3.406396835620107560e-02
5.706380894609802706e-05
1.614693374209544372e-03
3.965882384550497783e-04
6.293093918223119365e-01
