-7.296936382812923227e+01
1.300204058613879283e+02
7.610259601751896419e+00
3.741296329527954261e-03
8.540234158961435007e-01
8.533466816495285379e-01
6.328534708346993066e-05
1.622235437124003269e-05
9.983705487186096406e-01
9.983673328548355874e-01
5.717545368564989516e+00
1.304366297002576403e+02
1.199730960078502790e-03
9.439089949397551083e-01
4.149691266588873754e-04
9.750953044573282824e-01
2.848128704430366153e-03
6.375779155431821857e-05
1.813809680222926879e+00
5.325127868138263319e-05
2.188488604905943283e-02
1.053805978780897150e-02
1.595947054220668015e-01
7.416211383359770926e-01
1.376885747395820037e+00
5.395038379860994660e-01
5.451620689458307467e-01
3.929921793117118201e-01
6.278055638072110867e-01
1.914748818435894765e-03
0
1
1
1
1
1
1
1
0
