-6.766512721495364246e+01
1.299945394992986962e+02
9.917255540781784617e+00
7.114132218731378070e-03
6.841926382733216627e-01
5.399102243355793362e-01
1.666200029397675976e-04
4.033928509315427879e-05
9.966002669437845629e-01
9.538956124702352435e-01
7.101276244846998154e+00
1.279354008848922604e+02
1.939644301018539005e-03
9.142690037373558676e-01
7.635760577739479204e-04
9.265352836387480417e-01
1.868022198824340063e-02
4.143776832988465479e-04
1.817867789257874067e+00
1.466859568410185501e-04
5.791921672204092264e-02
2.841608368896597972e-02
3.575532991574858488e-01
5.669089211715551135e-01
1.411610909272019931e+00
8.658785935373476406e-01
1.034002939280808109e+00
5.096687896742093660e-01
1.439333650808359011e-01
7.969977940776513600e-03
0
1
1
1
1
1
1
1
0
