-6.457534948160723332e+01
1.299891077764507372e+02
1.031038874662299243e+01
1.033071519477284095e-02
5.482491837287959413e-01
3.609724787110388244e-01
2.287145233827487406e-04
6.819535753848331031e-05
9.942929576726373675e-01
8.608430022805464432e-01
7.689387402162165763e+00
1.274717109727807980e+02
2.561717978171631181e-03
8.886447757112847512e-01
1.079301825729389120e-03
9.109084240014698741e-01
2.390155345844815690e-02
2.884742541356310076e-03
1.817514853850714651e+00
2.029714556558324338e-04
7.816230390559687768e-02
3.873972761466935866e-02
4.286119880466825460e-01
5.042091016371529344e-01
1.424717129928871229e+00
9.830875904310285573e-01
1.241215099889579898e+00
5.414963689366950605e-01
9.368388982334500958e-02
1.000576567363188792e-02
0
1
1
1
1
1
1
1
0
