-7.196010673319962336e+01
1.300109553440408376e+02
8.612496660947904559e+00
4.228627379975326804e-03
8.273093725670881415e-01
8.014554769112498533e-01
8.519754483485323597e-05
1.931723573314204681e-05
9.981178944117817808e-01
9.974485952000330391e-01
6.213062074925939982e+00
1.293667383180192871e+02
1.315103279305112650e-03
9.389265537703131992e-01
4.673392216433248881e-04
9.535518819433957960e-01
9.086896025030554574e-03
7.614239458940310745e-05
1.815239282959952849e+00
7.341783912126776941e-05
2.993216797770426041e-02
1.447561574735614469e-02
2.160956431084559426e-01
6.917503044527023581e-01
1.386603029589587255e+00
6.737859648083295294e-01
7.018658993907271881e-01
4.470373775377523562e-01
3.335330139239657821e-01
2.872490882811662861e-03
0
1
1
1
1
1
1
1
0
