-6.656692984913469502e+01
1.299922563774934758e+02
1.009259265841848396e+01
8.123858656197233130e-03
6.404845360309632252e-01
4.776086681024885872e-01
1.890374797632641635e-04
4.859800236276411633e-05
9.960626246510781989e-01
9.298217057695539189e-01
7.296181071018540187e+00
1.277353703706302639e+02
2.140992369823863355e-03
9.067426679868916262e-01
8.625953425948751753e-04
9.213986994793760266e-01
2.049335930236114572e-02
8.283037616534241017e-04
1.817957767922719681e+00
1.672603819887168294e-04
6.541929348293960833e-02
3.221467252673686221e-02
3.843414194048686006e-01
5.432739554913769142e-01
1.416538399072493348e+00
9.012130338929320583e-01
1.105761161263520531e+00
5.197458740525638943e-01
1.231553317691127664e-01
9.011897829856667375e-03
0
1
1
1
1
1
1
1
0
