-7.082119068004399765e+01
1.300048293666063444e+02
9.130151521416456362e+00
4.854826987080146372e-03
7.934106310785230542e-01
7.285568034151659322e-01
1.059833968337113770e-04
2.351498506054824946e-05
9.977882782313685084e-01
9.926088250711296856e-01
6.508313838716397015e+00
1.288054136951105022e+02
1.458468566373396407e-03
9.328831390185150507e-01
5.338792986830175709e-04
9.435376969603785913e-01
1.254025919413135487e-02
9.527058917131395058e-05
1.816404483483893717e+00
9.196206298829201627e-05
3.721168167293868040e-02
1.806620749322140895e-02
2.627219939365700863e-01
6.505941837127842131e-01
1.394678071268459441e+00
7.479755533363590114e-01
8.087905724712248778e-01
4.729581237547942352e-01
2.458827350309406856e-01
4.171606321098910927e-03
0
1
1
1
1
1
1
1
0
