4.167458281037536239e+00
4.165851688428499067e+00
4.164248477862775744e+00
4.166640729911865293e+00
7.856263284733125581e-04
7.789691833037039369e-04
7.636846455117602978e-04
7.330910001595198093e-04
7.095114665261444478e-04
1.256736225258386491e-05
9.986605043697547313e-01
9.974613376933438857e-01
6.648784686194496585e-01
2.785149153286235052e-02
5.102130438787585797e-05
1.210415849958306790e-02
3.499027713406828661e-04
9.488729581530729318e-01
8.843525792706562472e-01
8.389591707646172347e-01
3.124145724133534432e-03
1.048625981738604118e-03
9.502218629869687572e-01
-7.445452341560748266e+01
1.302208472949139093e+02
5.040740956743962053e-01
5.040674039352263103e-01
5.040397179303341968e-01
5.037409735362294860e-01
2.622238863532897858e-12
4.403794261840071224e-12
1.664562349667871385e-11
6.402885249946817393e-09
8.914592275968138413e-01
8.696411719409551377e-01
8.044250314140295455e-01
3.923836036016785100e-01
3.396731071847937378e-02
3.395564601668151633e-02
3.393274473853848811e-02
3.386891803347681640e-02
1.332777298301197533e+01
1.348851116622714308e+01
5.145175472124252983e-03
5.124118951738301439e-03
5.074989623442367412e-03
4.973444618189899920e-03
4.891961375087346825e-03
