7.582753534574957488e-01
7.447232702623304279e-01
7.235222957566006530e-01
7.017930571141710594e-01
1.593211870424225132e-04
1.614936806093698548e-04
1.667152503543661499e-04
1.774795669317072271e-04
1.810760509175043020e-04
1.090182521104952902e-05
9.988274973380498745e-01
9.988199610314059118e-01
9.682090749434633103e-01
4.674834162819820060e-02
4.314860600319086656e-05
5.069780599693682159e-03
3.170714046870880265e-04
9.825526286687611410e-01
9.009873380422130928e-01
8.968721460302638837e-01
2.829131837192805452e-03
9.732368531017885835e-04
9.537036504876301723e-01
-7.527122773082570006e+01
1.355001753630090775e+02
2.065441813614141420e-01
2.153291602835929186e-01
2.311535546389946461e-01
2.599794097410574878e-01
9.976006753557705720e-01
9.980732761284825116e-01
9.981048457837304877e-01
9.999512333176633350e-01
1.340572864552451384e-04
1.072901007954618049e-04
7.515351097294078856e-05
4.686847969554692832e-05
6.533122145926439049e-03
6.365046988819123876e-03
6.102341055865555079e-03
5.913215675980174058e-03
8.771444218998016851e+00
8.697450489753006053e+00
1.770256033263666832e-04
1.790182785899012560e-04
1.837661345539109840e-04
1.933817774415262604e-04
1.965248253372118810e-04
7.201630026766678849e-01
1.700514139019480907e-04
1.867218907127262762e-04
