7.790929299361724070e-01
7.652498826894410522e-01
7.437298943401192686e-01
7.213068903152742850e-01
1.650085843108241616e-04
1.680311622132280838e-04
1.751099605108257494e-04
1.894157290039433813e-04
1.947691245995184113e-04
9.324129342467973994e-06
9.989689815614184454e-01
9.989704480814345366e-01
9.634035979189456977e-01
5.320917829092908224e-02
3.705682456104285679e-05
5.700678210835191141e-03
2.853102274918061995e-04
9.739086277977121453e-01
9.153281069248231372e-01
9.138166462597056006e-01
2.534180976328201038e-03
8.963114296892316828e-04
9.570711519722356897e-01
-7.617756726362482311e+01
1.342760203449541052e+02
2.321154286331118810e-01
2.442087199959264709e-01
2.659729323065339601e-01
3.072209136891359549e-01
9.993198724064039640e-01
9.993822671150000003e-01
9.992880578628107191e-01
9.999984998441485695e-01
6.809212210306992178e-05
5.013488971458724688e-05
3.058411249388781871e-05
1.523643861450529245e-05
6.838520615487695374e-03
6.667826289206616082e-03
6.412098705886460151e-03
6.275825724467122210e-03
1.031975083639769508e+01
9.698734651837156662e+00
1.821782778559037749e-04
1.849089290481365844e-04
1.912329111043694686e-04
2.037204472781446241e-04
2.082764789485504935e-04
7.401650176195007091e-01
1.795042060602746999e-04
1.950262125546666295e-04
