8.903230882151936809e-01
8.636801472477295682e-01
8.131425336982626151e-01
7.438853866843651019e-01
2.054950192129926980e-04
2.125325430401102519e-04
2.285457937194882751e-04
2.610707701126924402e-04
2.703045223949828140e-04
7.722377504717337473e-06
9.991060251432489769e-01
9.989076369763996155e-01
9.316341810435625481e-01
3.773616139880300174e-02
3.126464541509665635e-05
9.666271416914978820e-03
2.516650499300730802e-04
9.638078504758258447e-01
9.291686322131722520e-01
9.043206319599479404e-01
2.217797116724268356e-03
8.114660761623745293e-04
9.607137388670049516e-01
-7.727506969122853775e+01
1.328979330651543762e+02
3.088614692070380530e-01
3.283785303250139620e-01
3.616234169769774187e-01
4.192056839749992991e-01
9.832999294834902093e-01
9.835876225677824269e-01
9.806292591494261135e-01
9.999999114460422778e-01
2.110925776541424534e-05
1.402929959461636352e-05
8.080823838584961019e-06
4.680922399519271838e-06
8.758047543375196975e-03
8.538845194107757414e-03
8.136996752783457604e-03
7.957575903400692513e-03
1.197138966116324177e+01
1.151685539427813154e+01
2.174723350149981318e-04
2.233150670779630832e-04
2.362725087297826826e-04
2.612755926958334877e-04
2.680409486490588182e-04
7.971421190775157539e-01
2.385281607620696760e-04
2.437564995481804656e-04
