9.580327766872447359e-01
9.219625731753794406e-01
8.433419047416128578e-01
7.165687519496670710e-01
2.221844989804165279e-04
2.304652137368659170e-04
2.494150213834469437e-04
2.886956972434513973e-04
3.007118357981715590e-04
6.423866755345897151e-06
9.992127866738582664e-01
9.977288088887129591e-01
9.164999853810763542e-01
2.965908912907978118e-02
2.768139019423815475e-05
1.247434427243252451e-02
2.227985597427279069e-04
9.575257245711610299e-01
9.400781692268816991e-01
8.687138175928773576e-01
1.946869389855163069e-03
7.363162276457581356e-04
9.639462759862612584e-01
-7.833008657701860500e+01
1.335651642989760148e+02
3.574964717013570104e-01
3.755083300707675598e-01
4.053810283816617344e-01
4.540696107129601478e-01
9.303730662035857302e-01
9.288332114175722465e-01
9.151014466175602102e-01
9.999803384486374291e-01
8.475541978094947330e-06
6.397300066091348862e-06
5.040678142656163800e-06
4.242506077490288458e-06
1.009744307865725194e-02
9.888330799901224114e-03
9.448686379101437285e-03
9.315332406489315251e-03
1.306526913819432778e+01
1.262646097085431229e+01
