7.653808182077085354e-01
7.514210534724140578e-01
7.310675714878699383e-01
7.129600064629956213e-01
1.548693080064973660e-04
1.567162194338399359e-04
1.613913266410780503e-04
1.714034404876195634e-04
1.760824267834436134e-04
9.235320987871606553e-06
9.989795986929661531e-01
9.989682866814230122e-01
9.699133637056772672e-01
5.408526062900756437e-02
3.664527772776355599e-05
5.402986819304445715e-03
2.833511682007815819e-04
9.746483421659316582e-01
9.163716274587623278e-01
9.157565028685724640e-01
2.517517694059552384e-03
8.918415887643513880e-04
9.572972599079146994e-01
-7.623184819234009524e+01
1.367207943627124678e+02
2.210500871940860590e-01
2.292648664732115649e-01
2.436643937579157648e-01
2.708649154250086233e-01
9.993852072368016870e-01
9.993980687306128763e-01
9.993005658705460537e-01
9.999908268376280773e-01
6.939218616340679538e-05
5.587861080962715031e-05
4.016072965819666464e-05
2.733369740003884198e-05
6.588220541457644013e-03
6.393889761158874467e-03
6.108287191793624823e-03
5.935948677097548087e-03
9.871500943879082612e+00
9.210255788684600375e+00
