7.551340708055608308e-01
7.533403687782109781e-01
7.497383445132242974e-01
7.429815282017899758e-01
1.529663343918840409e-04
1.549238636706568094e-04
1.591832374091957337e-04
1.672265745190810191e-04
1.713955668023468869e-04
1.261042601590974857e-05
9.986776275146772575e-01
9.986820554492320534e-01
9.714706185476568168e-01
8.683262803113107886e-02
4.975392291133493673e-05
1.594639748506135237e-03
3.499044544914298996e-04
9.867616878319128704e-01
8.856463701607080186e-01
8.869758076931668622e-01
3.134217566509153296e-03
1.050770357718217593e-03
9.503268761425093247e-01
-7.442795015035288486e+01
1.386720751736947363e+02
1.657674057960420722e-01
1.686854541690558373e-01
1.741804087354926478e-01
1.862908402810809771e-01
9.704987288014937930e-01
9.736000195841753024e-01
9.772678646467789498e-01
9.720302077203655244e-01
4.195095859005385191e-04
4.056525525883552261e-04
3.882183443852616975e-04
3.948491697105287928e-04
6.318473110200699058e-03
6.308264375626930660e-03
6.295242806736360379e-03
6.318139831074118772e-03
8.582298675637870744e+00
8.191216384545104034e+00
