-8.792881332873373879e+01
1.450162472602685958e-02
8.121065130575102066e-05
7.579533355656497662e+00
7.579618478268555393e+00
1.443440552682558291e+02
1.443440234116160639e+02
1.538608230684090694e+00
1.464926790303235027e+00
8.193268624058741394e-05
7.398300197481432264e-03
6.955701395731200831e-01
6.955582436140526070e-01
6.954919859591210951e-01
4.519938872334117730e-01
6.954436977389141239e-01
1.908935548551682706e-04
4.994279737536777564e-01
2.695922267439996856e-01
1.006040670344584675e-03
9.995484540654728800e-01
5.876436765571094734e-01
5.126061207925726448e-04
9.995484593030589116e-01
6.410180953541400051e-01
2.381581737873099707e-09
9.999999906928882520e-01
9.095995469830625568e-01
9.999999906931238414e-01
9.996998846516573778e-01
9.998990798293251325e-01
9.999999906447623044e-01
9.999999906852677922e-01
2.327483877675956634e-03
9.996297901003167174e-01
6.931553470943421053e-05
1.826925710014926696e-08
8.386801798611456847e-05
1.590765006682289819e-04
5.820249228323989133e-05
1.000000000000000062e-09
1.000000000000000062e-09
1.000000000000000062e-09
0.000000000000000000e+00
2.727610259829584827e-01
1.944202967009769911e-04
9.967787889916954747e-01
1.954705568526679344e-07
2.440946240082224158e-07
