-8.798622198440803288e+01
3.975802786708062045e-03
7.300743366093001563e-05
6.850786947428765039e+00
6.850851095107725719e+00
1.451097162318156393e+02
1.451096944405304612e+02
1.389600276286720559e+00
1.389170216527070512e+00
7.447625251318277747e-05
7.355711138581140507e-03
6.975640732497396801e-01
6.975639313227507410e-01
6.975629257953827045e-01
4.543750389552778102e-01
6.975621164722353162e-01
1.888232655353553864e-04
5.123285761785951742e-01
3.066659976620838002e-01
1.002151603355083730e-03
9.995530078588512612e-01
8.692792846996606482e-01
5.106235563662100269e-04
9.995530079260417367e-01
9.032068971046500749e-01
2.349453507113414400e-09
9.999999908377266156e-01
9.720380555471783701e-01
9.999999908377320557e-01
9.999995357690875109e-01
9.999997655109733596e-01
9.999999908372896318e-01
9.999999908377552593e-01
1.536202181281305038e-03
9.996350572429137937e-01
6.864720113182744255e-05
1.809802652743245356e-08
8.305528507923609324e-05
1.563767189251935824e-04
5.712177717590158685e-05
1.000000000000000062e-09
1.000000000000000062e-09
1.000000000000000062e-09
0.000000000000000000e+00
1.335968096917950210e-01
1.931269332993437672e-04
9.967634924401235219e-01
1.530460419531901531e-07
1.913035922322560959e-07
