-8.772649383837169523e+01
1.638038607907649213e-01
1.487688750084862634e-04
7.926630606639530008e+00
7.926840609959682205e+00
1.437732955546950393e+02
1.437732632115935587e+02
2.773104689909779541e+00
1.773564022980061550e+00
1.380018090145585332e-04
7.550365728434062923e-03
6.884821013290799430e-01
6.882337706911629827e-01
6.751565552535671033e-01
4.426441845478187309e-01
6.444310537929176519e-01
1.983727481060130820e-04
2.786345891818204912e-01
1.284610151428072777e-01
1.019920518234188533e-03
9.995313100165734710e-01
1.513058996456753125e-01
5.196818364704456706e-04
9.995314455820848432e-01
1.756786064514011259e-01
2.498724595516300214e-09
9.999999486922489522e-01
6.748778765380566425e-01
9.999999896313649383e-01
9.212500130244127838e-01
9.115422484956722249e-01
9.995391985803226964e-01
9.999409804986121308e-01
2.497670057142482164e-02
9.684139314464202952e-01
7.454771336330187723e-05
2.243543614630659021e-08
2.627944025360782056e-04
2.276056313099592346e-02
8.488414734401596509e-03
1.000000000000000062e-09
1.000000000000000062e-09
1.000000000000000062e-09
0.000000000000000000e+00
5.715229254815905602e-01
2.738300809153618176e-03
9.968370915007178645e-01
3.310723785311366778e-07
4.113686279081335691e-07
