-8.787432025219305842e+01
3.508043485774711701e-02
9.946211238223153601e-05
7.860047399581008953e+00
7.860164155720274159e+00
1.440127189869361359e+02
1.440126837542501903e+02
1.812746253093937332e+00
1.509225355595995133e+00
9.833588677901987081e-05
7.438952567100128553e-03
6.936703753755255608e-01
6.936229004764234984e-01
6.933440633770733275e-01
4.496424608696376612e-01
6.930968179689666053e-01
1.928795920276360563e-04
4.583392994469195347e-01
2.290713992139115363e-01
1.009752890145858327e-03
9.995440053876049058e-01
4.004581206661006476e-01
5.144985392559729438e-04
9.995440268411919238e-01
4.485252101912592937e-01
2.412528901136840020e-09
9.999999900491572946e-01
8.460402238631451466e-01
9.999999905468834882e-01
9.956417792537968214e-01
9.982524976902349412e-01
9.999999873843183895e-01
9.999999903235544663e-01
5.044208490189471157e-03
9.996149622658514478e-01
6.995472217732733998e-05
1.843448133944486295e-08
8.470042836988634163e-05
1.687514660440310010e-04
6.188648245011118914e-05
1.000000000000000062e-09
1.000000000000000062e-09
1.000000000000000062e-09
0.000000000000000000e+00
3.762948727582131614e-01
1.957908582517736262e-04
9.967937856357872439e-01
2.175829086848486180e-07
2.709124686649152928e-07
