-8.781433933251156532e+01
7.163313960604035524e-02
1.199352482771887075e-04
7.950980059321508087e+00
7.951133747030810994e+00
1.438566113475372674e+02
1.438565761590426462e+02
2.188375393263771507e+00
1.539149747112676492e+00
1.158022736462360015e-04
7.483962120440518055e-03
6.915712340616729792e-01
6.914595660420982393e-01
6.906786616350890640e-01
4.469579747543458992e-01
6.886935372195793770e-01
1.950900786476279650e-04
3.997149872479901500e-01
1.915464893613403885e-01
1.013861672843875683e-03
9.995389715449554124e-01
2.818915747848251274e-01
5.165931259485849816e-04
9.995390242810474613e-01
3.206661051708359911e-01
2.447107342792033986e-09
9.999999893772347770e-01
7.844305589096153275e-01
9.999999903849350336e-01
9.805448622381377488e-01
9.867946841429783289e-01
9.999999114184064952e-01
9.999999856211432281e-01
1.035811667132499614e-02
9.989166824198613126e-01
7.073284577705947203e-05
1.869646771693471581e-08
8.949226058787541850e-05
6.735557509424176760e-04
2.497915489757958872e-04
1.000000000000000062e-09
1.000000000000000062e-09
1.000000000000000062e-09
0.000000000000000000e+00
4.572541017090467341e-01
2.091666702151795745e-04
9.968107775282796235e-01
2.307915157317768901e-07
2.862294804530785149e-07
