-8.479133802001926767e+01
6.746560275897522940e-02
2.661160248778555244e-04
7.633647690664675522e+00
7.634100746869278531e+00
1.441982248104561108e+02
1.441983245152248116e+02
2.134313719280958033e+00
7.451861419795452468e-01
2.372553396767143456e-04
1.016269248691814737e-02
5.737647948075887960e-01
3.671690957618404805e-01
1.334447890577198648e-01
9.312726849750239955e-02
9.751657947291003659e-02
3.482385144738121396e-04
1.328277670561023582e-01
1.290826415014254824e-01
1.300875777271449625e-03
9.705564482621157341e-01
2.944847164651015134e-02
6.629303989730095208e-04
9.687426170590300867e-01
4.050618500458715021e-02
5.671960817114783950e-09
9.715252476430239481e-01
7.147422297577102901e-01
9.996876304192814366e-01
7.460072738860924479e-01
6.049555410188143245e-01
7.601211603964821428e-01
9.673143706566497135e-01
2.480640119849826797e-01
3.471066496837207360e-01
1.961994420590738723e-04
8.636848398928347643e-08
3.454473617211386172e-03
4.608003511729911739e-01
1.884425135011727481e-01
1.000000000000000062e-09
1.000000000000000062e-09
1.000000000000000062e-09
0.000000000000000000e+00
5.250639224039612696e-01
2.132964995226127591e-01
9.988732533237156819e-01
4.473949136852439690e-08
1.278552911682438771e-07
