6.468839243976641073e-04
3.244120511306664619e-03
1.362518955092711648e-01
9.974182981278030546e-02
1.808381517157391094e-01
1.257339005598369190e-02
1.959401421339033306e-02
4.176734156842210749e-03
1.254678178172267400e-01
6.850023144779554020e-03
1.711446067714480698e-02
1.938931908384901879e-04
3.014864624647452165e-04
2.129936790214215269e-04
3.407667072738610248e+00
7.436034080414927194e-01
8.201357048296047836e+00
8.200861625799452881e+00
4.965194520023177294e-01
1.125973554081514116e+00
-7.110518932087836674e+01
3.196419895406992163e-05
9.976584296622312831e-01
4.131770277946179848e-02
2.955519672405184511e-02
1.200000000000000000e+02
1.379736888145242434e-05
8.808841982394193318e-03
8.200948453217575818e+00
5.152567759485957022e-04
9.781561055298824137e-01
2.352084397169688090e-01
2.304456830229808795e-01
2.929031006930181771e-02
3.473941001032059689e-02
1.473093244005066818e-02
1.703791421016271398e-03
9.346988446522306315e-01
3.765117697589309189e-07
1.744716415033746574e-06
8.225011938776354281e-01
2.072867276022999534e-03
2.890598303055792566e-03
2.231495086336581987e-03
1.945493831510404872e-04
2.078255945779482281e-03
