6.965633615447387869e-04
3.920271807197240818e-03
1.355672577489417663e-01
1.033896156806992928e-01
1.895947403686911170e-01
1.349358433938867979e-02
2.119551550308297616e-02
4.425203366221298895e-03
1.277689342389896343e-01
5.738339224896481065e-03
1.818260803857343552e-02
2.091220082892676906e-04
3.240853412894464632e-04
2.306899687033980005e-04
3.592421698927549478e+00
7.839140131728431493e-01
9.047510651830497963e+00
9.047694450521049703e+00
5.049219095700941962e-01
1.136697329680606217e+00
-7.319982410083113678e+01
2.254642754525022804e-05
9.983250705540674952e-01
4.458888152618417644e-02
3.236655626357209242e-02
1.200000000000000000e+02
1.001235886984081511e-03
7.616524045136134798e-03
9.047853885609608682e+00
4.042678206022870600e-04
9.584796639507110472e-01
3.071953370593441535e-01
2.549316643101373070e-01
1.979560811871437093e-02
3.813104060986701599e-02
1.058350129932131810e-02
1.408935562720626871e-03
9.448639046770239691e-01
4.848301911620233596e-07
2.019844047254144536e-06
8.064278573616263657e-01
2.200817784356452929e-03
3.041923439441966085e-03
2.373886802676338555e-03
2.098577215658551688e-04
2.206655977682252939e-03
