1.545339837229454342e-03
8.951486058911401617e-03
1.305482301835365899e-01
1.421748942136137339e-01
2.858377748125141560e-01
2.950819040824762332e-02
4.955129802183333432e-02
7.672513671340638192e-03
1.345295634557651665e-01
2.578268836775089203e-03
3.231765443468261750e-02
4.770572749112191925e-04
7.289407783348817588e-04
5.512157213917563085e-04
4.075128565900011601e+00
8.890626669467162069e-01
1.168456526483408631e+01
1.168384500995597897e+01
5.518205911505502659e-01
1.193794045110051050e+00
-6.586355989385485543e+01
7.753530653160125826e-05
9.658985493645929621e-01
1.765912542969383381e-01
1.087862177884299231e-01
1.200000000000000000e+02
4.397264830704136068e-02
1.532686387097089223e-02
1.168400744982256434e+01
1.158832041402171669e-03
8.635431100787348546e-01
4.107508093750018158e-02
7.893324725522522442e-03
7.269950481260062380e-02
2.457583995395508369e-03
3.301615396981740641e-02
2.799508786383101463e-03
7.931846255310485150e-01
8.562186141498450480e-06
7.368630826483820844e-06
4.624931844314169038e-01
3.935284960559077422e-03
4.977189800074921164e-03
4.289296897596441352e-03
4.794716522076271294e-04
3.946681501922437267e-03
