7.846270000227011142e-04
4.641618397224234541e-03
1.348422102469934991e-01
1.086889621596654754e-01
2.035174428406302249e-01
1.494863266249099251e-02
2.395385735468589031e-02
4.847337026266139610e-03
1.295514349598497206e-01
4.896672746490617067e-03
2.002367768128923350e-02
2.361970684330911457e-04
3.599650182942052486e-04
2.612646325576051839e-04
3.734131342553755228e+00
8.148169076694433688e-01
9.752503595879375098e+00
9.753030040069477380e+00
5.112433161229364975e-01
1.144662447809889683e+00
-7.430641136521475687e+01
1.875169804539300378e-05
9.985690505562495600e-01
5.043213017201922388e-02
3.774059768359089989e-02
1.200000000000000000e+02
4.563661680977414321e-03
7.057031889870006743e-03
9.753232832975621491e+00
3.562489480566459737e-04
9.419517879242802483e-01
3.462453615151517283e-01
2.253037723641073964e-01
1.600878222966939032e-02
3.542253239884488730e-02
8.873240839951404557e-03
1.274596652740934673e-03
9.494057407336542465e-01
7.313677544654810492e-07
2.413412381524462013e-06
7.674318659515260155e-01
2.418989448679038229e-03
3.269714747339713505e-03
2.608581461698844528e-03
2.370442409427668529e-04
2.425328201825945312e-03
