8.971761909731971801e-04
5.407718970050385231e-03
1.340753839466482522e-01
1.146407368784568281e-01
2.192048272706199064e-01
1.678592455103014580e-02
2.745117220623816828e-02
5.352726637117343617e-03
1.309689974105063826e-01
4.234041555354704951e-03
2.223649447689085915e-02
2.710283732590905545e-04
4.055385786155980810e-04
3.002179500591934010e-04
3.841938043293990468e+00
8.383172593410260776e-01
1.032503218518463051e+01
1.032562101521324216e+01
5.189572971697365977e-01
1.154265473706370004e+00
-7.472073549865407927e+01
1.750514578430306540e-05
9.983962333544961210e-01
6.024521752808317809e-02
4.566568747847839921e-02
1.200000000000000000e+02
9.401490066417781191e-03
6.867313345519402909e-03
1.032584164950192118e+01
3.410758134318873686e-04
9.269961524251766338e-01
3.550725811517438379e-01
1.706811941565917479e-01
1.506595198404081515e-02
2.915822930497435211e-02
8.304520913155718706e-03
1.228182312558859192e-03
9.503951775778707312e-01
1.168430423952632161e-06
2.909694681631739133e-06
7.134854257445480963e-01
2.682731490155630758e-03
3.538580283591423719e-03
2.887922955605902800e-03
2.720071269731761136e-04
2.689539642714493511e-03
