-6.457537604267949405e+01
-4.984082905687790799e+01
-3.363122280945576392e+01
2.423925460744791494e+01
4.012719315404159914e+01
4.533287623883021666e+01
4.654975833263050333e+01
3.336013655235431941e+01
2.309951405515193201e+01
1.516094748943478798e+01
8.988130606095994679e+00
4.155055929575912188e+00
3.370621999714704109e-01
-2.715273978398600629e+00
-5.190580321532214825e+00
-7.227903733609664094e+00
-8.928301517019741951e+00
-1.036569508230640047e+01
-1.159538467988937072e+01
-1.265987263681059360e+01
-1.359254820408870756e+01
-1.441999189911256707e+01
-1.516348855977964583e+01
-1.584010298028394104e+01
-1.646350360254544398e+01
-1.704462216785213613e+01
-1.759219212097162455e+01
-1.811318876082946261e+01
-1.861318775014863292e+01
-1.909665389370780630e+01
-1.956717254869165501e+01
-2.002763334953583652e+01
-2.048037480965683699e+01
-2.092729889470790638e+01
-2.136996041029637539e+01
-2.180963701070010785e+01
-2.224738474356919582e+01
-2.268408086718836714e+01
-2.312045850302436989e+01
-2.355713363105763847e+01
-2.399462668773188057e+01
-2.443337990630016776e+01
-2.487377114965995517e+01
-2.531612460591697911e+01
-2.576071997264534019e+01
-2.620779863674201948e+01
-2.665756899659943002e+01
-2.711021014798616946e+01
-2.756587359039995633e+01
-2.802468612929728309e+01
-2.848674807616265880e+01
-2.895213438676663387e+01
-2.942089335975882136e+01
-2.989304544594789093e+01
-3.036858208173345730e+01
-3.084746452205057210e+01
-3.132962291864922477e+01
-3.181495597903337469e+01
-3.230333122829713943e+01
-3.279458580173760396e+01
-3.328852806457965130e+01
-3.378494004424818087e+01
-3.428358038835239086e+01
-3.478418769168017377e+01
-3.528648425924588139e+01
-3.579018013525451636e+01
-3.629497708828034064e+01
-3.680057242805008144e+01
-3.730666258915312028e+01
-3.781294628382291734e+01
-3.831912719606570050e+01
-3.882491616414879587e+01
-3.933003276535234960e+01
-3.983420640000944246e+01
-4.033717684283829641e+01
-4.083869437151529524e+01
-4.133851948183143321e+01
-4.183642226209674675e+01
-4.233218156475570737e+01
-4.282558395861023826e+01
-4.331642255097776939e+01
-4.380449577687782181e+01
-4.428960620600582132e+01
-4.477155940727787709e+01
-4.525016289759548016e+01
-4.572522522083912833e+01
-4.619655518699343588e+01
-4.666396128347224703e+01
-4.712725129477630759e+01
-4.758623206584757526e+01
-4.804070951711283044e+01
-4.849048877986133732e+01
-4.893537451873496735e+01
-4.937517141574922874e+01
-4.980968480107375029e+01
-5.023872138227856965e+01
-5.066209006972290751e+01
-5.107960289219170136e+01
-5.149107593939014293e+01
-5.189633036030914326e+01
-5.229519336101486715e+01
-5.268749917951809891e+01
-5.307309007264973388e+01
-5.345181721750499548e+01
-5.382354156153532188e+01
-5.418813467359702685e+01
-5.454547942510570380e+01
-5.489547058375231359e+01
-5.523801538953746615e+01
-5.557303398373258574e+01
-5.590045974488162273e+01
-5.622023950933671443e+01
-5.653233369802701702e+01
-5.683671636048698872e+01
-5.713337510432988608e+01
-5.742231093429744249e+01
-5.770353804526326513e+01
-5.797708338445181653e+01
-5.824298616205027201e+01
-5.850129728676423468e+01
-5.875207976162186441e+01
-5.899540725186134438e+01
-5.923136330246872205e+01
-5.946004110355347905e+01
-5.968154274355464395e+01
-5.989597847274537656e+01
-6.010346595296230987e+01
-6.030412954244498280e+01
-6.049809965202006623e+01
-6.068551193924715648e+01
-6.086650659882277381e+01
-6.104122776459530542e+01
-6.120982284789009498e+01
-6.137244186467085427e+01
-6.152923682028454522e+01
-6.168036114478247356e+01
-6.182596915931053161e+01
-6.196621556297498756e+01
-6.210125494988682959e+01
-6.223124136549699870e+01
-6.235632790168770612e+01
-6.247666632569934819e+01
-6.259240674057117104e+01
-6.270369727807814542e+01
-6.281068382469401001e+01
-6.291350977920549781e+01
-6.301231583969864403e+01
-6.310723981831243634e+01
-6.319841648247243171e+01
-6.328597742140593141e+01
-6.337005093617496954e+01
-6.345076195161026789e+01
-6.352823194826713404e+01
-6.360257891318593693e+01
-6.367391730754864909e+01
-6.374235805031428725e+01
-6.380800851576498900e+01
-6.387097254377748357e+01
-6.393135046161535939e+01
-6.398923911597389491e+01
-6.404473191405816124e+01
-6.409791887253859954e+01
-6.414888667340429151e+01
-6.419771872575280725e+01
-6.424449523263913875e+01
-6.428929326215107665e+01
-6.433218682196310567e+01
-6.437324693666631958e+01
-6.441254172727896332e+01
-6.445013649235087883e+01
-6.448609379015552179e+01
-6.452047352150638915e+01
-6.455333301279314639e+01
-6.458472709885718643e+01
-6.461470820540210980e+01
-6.464332643064057038e+01
-6.467062962593033149e+01
-6.469666347518470673e+01
-6.472147157287673735e+01
-6.474509550046745687e+01
-6.476757490113965332e+01
-6.478894755271618067e+01
-6.480924943867853472e+01
-6.482851481721360187e+01
-6.484677628823848750e+01
-6.486406485835573221e+01
-6.488041000372473377e+01
-6.489583973082717705e+01
-6.491038063512668543e+01
-6.492405795762758203e+01
-6.493689563934883324e+01
-6.494891637372839455e+01
-6.496014165699217813e+01
-6.497059183651418834e+01
-6.498028615720670587e+01
-6.498924280597599079e+01
-6.499747895429436539e+01
-6.500501079892599421e+01
-6.501185360085855791e+01
-6.501802172248527256e+01
-6.502352866308923751e+01
-6.502838709267982154e+01
-6.503260888423223207e+01
-6.503620514437831446e+01
-6.503918624260202819e+01
-6.504156183898741972e+01
-6.504334091056955458e+01
-6.504453177633659777e+01
-6.504514212093151571e+01
-6.504517901709940020e+01
-6.504464894692735299e+01
-6.504355782192101287e+01
-6.504191100196162267e+01
-6.503971331318622617e+01
-6.503696906483175155e+01
-6.503368206508375238e+01
-6.502985563596803331e+01
-6.502549262732283353e+01
-6.502059542988803287e+01
-6.501516598754648157e+01
-6.500920580875072119e+01
-6.500271597717018324e+01
-6.499569716158750055e+01
-6.498814962507717041e+01
-6.498007323349494868e+01
-6.497146746330760436e+01
-6.496233140878922541e+01
-6.495266378861484213e+01
-6.494246295187286933e+01
-6.493172688352552768e+01
-6.492045320934114727e+01
-6.490863920032290935e+01
-6.489628177665655073e+01
-6.488337751120545249e+01
-6.486992263256999536e+01
-6.485591302773937628e+01
-6.484134424435693234e+01
-6.482621149262311633e+01
-6.481050964685684335e+01
-6.479423324674517914e+01
-6.477737649829681743e+01
-6.475993327453016946e+01
-6.474189711591874641e+01
-6.472326123062057945e+01
-6.470401849451548060e+01
-6.468416145108584203e+01
-6.466368231115991705e+01
-6.464257295255589497e+01
-6.462082491965594500e+01
-6.459842942294569923e+01
