-6.934564914675088687e+01
-5.462772955998350000e+01
-3.962548154660535005e+01
2.429813636078371530e+01
4.657513892502863229e+01
5.055143843356907496e+01
5.021575770018369411e+01
3.606374847447325038e+01
2.540228984780231158e+01
1.729296697540513605e+01
1.102644611197569979e+01
6.117677073033954471e+00
2.228652266500607659e+00
-8.863466054977076070e-01
-3.410211102647767945e+00
-5.479321437325599398e+00
-7.195025143097464770e+00
-8.632998505000212930e+00
-9.850632662707498710e+00
-1.089235580318913321e+01
-1.179319954924266334e+01
-1.258112682263730342e+01
-1.327858932687142612e+01
-1.390363636312025619e+01
-1.447075952967655432e+01
-1.499156885618382518e+01
-1.547534706381847336e+01
-1.592950690092861166e+01
-1.635996679814634547e+01
-1.677145669393754446e+01
-1.716776499550102031e+01
-1.755193614247701106e+01
-1.792642683156485006e+01
-1.829322955479883106e+01
-1.865396933706765736e+01
-1.900997920344272174e+01
-1.936235933237500362e+01
-1.971202297254728819e+01
-2.005973198685864389e+01
-2.040612576351455232e+01
-2.075174267909830661e+01
-2.109703817051354946e+01
-2.144239874381846889e+01
-2.178815334372083612e+01
-2.213458278608553442e+01
-2.248192756598967534e+01
-2.283039433461723178e+01
-2.318016150400558928e+01
-2.353138373124595617e+01
-2.388419632319068953e+01
-2.423871850233616243e+01
-2.459505621770405881e+01
-2.495330525302089342e+01
-2.531355257617536481e+01
-2.567587872171804619e+01
-2.604035869300644990e+01
-2.640706333182463794e+01
-2.677605955577856989e+01
-2.714741109181548140e+01
-2.752117807487261913e+01
-2.789741711597276463e+01
-2.827618047086169639e+01
-2.865751530152623872e+01
-2.904146304473920637e+01
-2.942805738435113838e+01
-2.981732436419574839e+01
-3.020927976235227774e+01
-3.060392900471501676e+01
-3.100126539363539280e+01
-3.140126932578927565e+01
-3.180390761589326942e+01
-3.220913293803278066e+01
-3.261688359521139802e+01
-3.302708367852122251e+01
-3.343964347756486433e+01
-3.385446009199161210e+01
-3.427141849414732633e+01
-3.469039296704958275e+01
-3.511124836402447613e+01
-3.553384160558374560e+01
-3.595802351220225290e+01
-3.638364048842989718e+01
-3.681053616114976990e+01
-3.723855292335433376e+01
-3.766753336001662689e+01
-3.809732153471559002e+01
-3.852776405893666833e+01
-3.895871085013952495e+01
-3.939001576835865848e+01
-3.982153706766408163e+01
-4.025313753122836857e+01
-4.068468445884433748e+01
-4.111604947287418099e+01
-4.154710815243291222e+01
-4.197773963037961664e+01
-4.240782591840168436e+01
-4.283725123260723677e+01
-4.326590140495993353e+01
-4.369366321728988112e+01
-4.412042365000043986e+01
-4.454606922541617564e+01
-4.497048542318425035e+01
-4.539355610376860994e+01
-4.581516303451225269e+01
-4.623518550827461127e+01
-4.665350001717043682e+01
-4.706998002991535657e+01
-4.748449586671830502e+01
-4.789691467404630743e+01
-4.830710041778812069e+01
-4.871491409367985170e+01
-4.912021388619406537e+01
-4.952285538712860102e+01
-4.992269212731906691e+01
-5.031957559898215493e+01
-5.071335635813444043e+01
-5.110388362837620235e+01
-5.149100652541256551e+01
-5.187457432932856705e+01
-5.225443701868491786e+01
-5.263044589353405911e+01
-5.300245399899507959e+01
-5.337031700788683963e+01
-5.373389365710782073e+01
-5.409304620175154810e+01
-5.444764101012706448e+01
-5.479754910268928825e+01
-5.514264667173448231e+01
-5.548281551425774438e+01
-5.581794354734237373e+01
-5.614792517766373692e+01
-5.647266164231466945e+01
-5.679206136383530890e+01
-5.710604024903864939e+01
-5.741452193852591535e+01
-5.771743804420189861e+01
-5.801472828045949370e+01
-5.830634060197821356e+01
-5.859223129711280365e+01
-5.887236502960898576e+01
-5.914671483351940395e+01
-5.941526206880710248e+01
-5.967799633967404560e+01
-5.993491538776503091e+01
-6.018602490810979333e+01
-6.043133838351744203e+01
-6.067087686354399523e+01
-6.090466871821966066e+01
-6.113274937968091649e+01
-6.135516100954345831e+01
-6.157195218475695953e+01
-6.178317759657672781e+01
-6.198889771116058256e+01
-6.218917839604535658e+01
-6.238409054567392076e+01
-6.257370971491923939e+01
-6.275811575107349682e+01
-6.293739242093196395e+01
-6.311162703596341572e+01
-6.328091008210026303e+01
-6.344533485817485285e+01
-6.360499712252545379e+01
-6.375999474764683583e+01
-6.391042738516257060e+01
-6.405639614283325045e+01
-6.419800327506652593e+01
-6.433535188719865516e+01
-6.446854565407403470e+01
-6.459768855356924178e+01
-6.472288461541729987e+01
-6.484423768577806868e+01
-6.496185120741071728e+01
-6.507582801540601736e+01
-6.518627014847851342e+01
-6.529327867532471430e+01
-6.539695353619553941e+01
-6.549739339884558831e+01
-6.559469552850005414e+01
-6.568895567143393066e+01
-6.578026795162921303e+01
-6.586872477992858421e+01
-6.595441677494198984e+01
-6.603743269524960624e+01
-6.611785938216358716e+01
-6.619578171246740794e+01
-6.627128256053585176e+01
-6.634444276909172800e+01
-6.641534112812360036e+01
-6.648405436122706647e+01
-6.655065711891435853e+01
-6.661522197821989266e+01
-6.667781944809945571e+01
-6.673851798013369319e+01
-6.679738398394802346e+01
-6.685448184697492024e+01
-6.690987395803500704e+01
-6.696362073435506090e+01
-6.701578065159694120e+01
-6.706641027650586295e+01
-6.711556430190863409e+01
-6.716329558363563024e+01
-6.720965517914815734e+01
-6.725469238752123147e+01
-6.729845479055687463e+01
-6.734098829481382609e+01
-6.738233717427144143e+01
-6.742254411350216969e+01
-6.746165025111011460e+01
-6.749969522329749338e+01
-6.753671720743122364e+01
-6.757275296542081833e+01
-6.760783788685500895e+01
-6.764200603172275805e+01
-6.767529017268829250e+01
-6.770772183678606382e+01
-6.773933134648365240e+01
-6.777014786006594704e+01
-6.780019941124399452e+01
-6.782951294799363495e+01
-6.785811437054147177e+01
-6.788602856848496003e+01
-6.791327945703677926e+01
-6.793989001233364888e+01
-6.796588230584397650e+01
-6.799127753781458239e+01
-6.801609606979801015e+01
-6.804035745622066145e+01
-6.806408047500900693e+01
-6.808728315729088365e+01
-6.810998281614524785e+01
-6.813219607444978010e+01
-6.815393889180482745e+01
-6.817522659056031387e+01
-6.819607388097216472e+01
-6.821649488547430451e+01
-6.823650316211984546e+01
-6.825611172717154318e+01
-6.827533307689913045e+01
-6.829417920857157753e+01
-6.831266164067628210e+01
-6.833079143239652353e+01
-6.834857920234114204e+01
-6.836603514657906544e+01
-6.838316905597280027e+01
-6.839999033284271945e+01
-6.841650800699206059e+01
-6.843273075108912451e+01
-6.844866689545582972e+01
-6.846432444225882819e+01
-6.847971107913271283e+01
-6.849483419226343983e+01
-6.850970087892885374e+01
-6.852431795954240101e+01
-6.853869198919053929e+01
-6.855282926870822280e+01
-6.856673585528866965e+01
-6.858041757265290528e+01
-6.859388002080406466e+01
-6.860712858536217595e+01
-6.862016844651867586e+01
-6.863300458760603817e+01
-6.864564180330600607e+01
-6.865808470751707659e+01
-6.867033774087711606e+01
-6.868240517797676148e+01
-6.869429113425366040e+01
-6.870599957260185420e+01
-6.871753430969089038e+01
-6.872889902201330870e+01
-6.874009725167812235e+01
-6.875113241194470959e+01
-6.876200779252700102e+01
-6.877272656466179512e+01
-6.878329178595743087e+01
-6.879370640503799450e+01
-6.880397326597679353e+01
-6.881409511254604183e+01
-6.882407459227279389e+01
-6.883391426032612515e+01
-6.884361658322939093e+01
-6.885318394241025430e+01
-6.886261863760121571e+01
-6.887192289008342527e+01
-6.888109884579657205e+01
-6.889014857830757421e+01
-6.889907409164938201e+01
-6.890787732304056590e+01
-6.891656014547848486e+01
-6.892512437022666916e+01
-6.893357174918574515e+01
-6.894190397716761254e+01
-6.895012269406552718e+01
-6.895822948692909904e+01
-6.896622589195321495e+01
-6.897411339637315564e+01
-6.898189344028361347e+01
-6.898956741837361051e+01
-6.899713668158601365e+01
-6.900460253870852512e+01
-6.901196625788921324e+01
-6.901922906809232927e+01
-6.902639216048427784e+01
-6.903345668976524507e+01
-6.904042377543886744e+01
-6.904729450302660609e+01
-6.905406992523330700e+01
-6.906075106305624445e+01
-6.906733890685171673e+01
-6.907383441735173335e+01
-6.908023852663636433e+01
-6.908655213906779124e+01
-6.909277613217840042e+01
-6.909891135752610580e+01
-6.910495864150705358e+01
-6.911091878613827078e+01
-6.911679256980316666e+01
-6.912258074796471874e+01
-6.912828405385110386e+01
-6.913390319910683957e+01
-6.913943887442057701e+01
-6.914489175012249689e+01
-6.915026247675595528e+01
-6.915555168562734423e+01
-6.916075998932771540e+01
-6.916588798223638435e+01
-6.917093624099807414e+01
-6.917590532498361711e+01
-6.918079577672773439e+01
-6.918560812234768775e+01
-6.919034287194639887e+01
-6.919500051999381185e+01
-6.919958154569546593e+01
-6.920408641334212518e+01
-6.920851557264404619e+01
-6.921286945905268340e+01
-6.921714849406444614e+01
-6.922135308551472122e+01
-6.922548362785447296e+01
-6.922954050241813206e+01
-6.923352407767663408e+01
-6.923743470947880496e+01
-6.924127274128373699e+01
-6.924503850437888275e+01
-6.924873231809095842e+01
-6.925235448998462573e+01
-6.925590531605131162e+01
-6.925938508089095080e+01
-6.926279405788127974e+01
-6.926613250934175881e+01
-6.926940068668587003e+01
-6.927259883056811418e+01
-6.927572717102101763e+01
-6.927878592758473530e+01
-6.928177530943082729e+01
-6.928469551547621563e+01
-6.928754673449279267e+01
-6.929032914520837494e+01
-6.929304291640121960e+01
-6.929568820698958120e+01
-6.929826516611278464e+01
-6.930077393320844692e+01
-6.930321463808149929e+01
-6.930558740096952874e+01
-6.930789233260090043e+01
-6.931012953424750833e+01
-6.931229909777323428e+01
-6.931440110567515944e+01
-6.931643563112147888e+01
-6.931840273798283647e+01
-6.932030248085875712e+01
-6.932213490510017095e+01
-6.932390004682525841e+01
-6.932559793293212635e+01
-6.932722858110551556e+01
-6.932879199981884710e+01
-6.933028818833238915e+01
-6.933171713668539837e+01
-6.933307882568502123e+01
-6.933437322688919835e+01
-6.933560030258614404e+01
-6.933676000576835463e+01
-6.933785228010228252e+01
-6.933887705989381800e+01
-6.933983427004835676e+01
-6.934072382602715834e+01
-6.934154563379847502e+01
-6.934229958978406216e+01
-6.934298558080156738e+01
-6.934360348400149121e+01
-6.934415316680006924e+01
-6.934463448680692466e+01
-6.934504729174824433e+01
-6.934539141938492435e+01
-6.934566669742577005e+01
-6.934587294343593555e+01
-6.934600996474011936e+01
-6.934607755832077203e+01
-6.934607551071100318e+01
-6.934600359788242940e+01
-6.934586158512746579e+01
