-7.270899681558825023e+01
-5.793383247009936099e+01
-4.311343569750781057e+01
1.413828239023346534e+01
5.009191221571295927e+01
5.426599548700599485e+01
5.334760042276550251e+01
3.872088677584395100e+01
2.781357238053750436e+01
1.955786555798145443e+01
1.316244904206141797e+01
8.114446390206548898e+00
4.079173499814248594e+00
8.237885055810533208e-01
-1.823455418955337581e+00
-3.992859937338975040e+00
-5.784001905058140380e+00
-7.273282879460969852e+00
-8.519909256389951224e+00
-9.570462193489575498e+00
-1.046214606430091187e+01
-1.122499513538678606e+01
-1.188337983626017724e+01
-1.245708665539274840e+01
-1.296214557354648633e+01
-1.341150109506645194e+01
-1.381557206085720502e+01
-1.418272423414519068e+01
-1.451966472034069078e+01
-1.483177167310943645e+01
-1.512336290508908476e+01
-1.539791462400057576e+01
-1.565823882924294175e+01
-1.590661953011029084e+01
-1.614492610759140945e+01
-1.637469878493585185e+01
-1.659721710999236066e+01
-1.681355175849393646e+01
-1.702460650189301106e+01
-1.723114977029019457e+01
-1.743383945781155120e+01
-1.763324264136400288e+01
-1.782985091455166682e+01
-1.802409227542887749e+01
-1.821634099874528090e+01
-1.840692538177522408e+01
-1.859613415236337275e+01
-1.878422167012545430e+01
-1.897141237363282329e+01
-1.915790442927225712e+01
-1.934387296725294547e+01
-1.952947272880067686e+01
-1.971484047456362987e+01
-1.990009705767107206e+01
-2.008534924429366697e+01
-2.027069133168801685e+01
-2.045620658878442555e+01
-2.064196854613700083e+01
-2.082804213991572695e+01
-2.101448470493889431e+01
-2.120134690243201803e+01
-2.138867353250718395e+01
-2.157650436073329558e+01
-2.176487479467400021e+01
-2.195381637143761822e+01
-2.214335730257984736e+01
-2.233352302067538986e+01
-2.252433662971206729e+01
-2.271581927472546880e+01
-2.290799048452868192e+01
-2.310086850675559589e+01
-2.329447060325772512e+01
-2.348881331388065519e+01
-2.368391268440606368e+01
-2.387978448581670321e+01
-2.407644440390874152e+01
-2.427390822227694045e+01
-2.447219196930922180e+01
-2.467131205765572943e+01
-2.487128540759235307e+01
-2.507212955742741300e+01
-2.527386275983069197e+01
-2.547650406168477843e+01
-2.568007337220182862e+01
-2.588459151939224157e+01
-2.609008029321245559e+01
-2.629656247616885167e+01
-2.650406186107140982e+01
-2.671260325609167552e+01
-2.692221247710432408e+01
-2.713291632691148791e+01
-2.734474256123683489e+01
-2.755771984084877246e+01
-2.777187767018890341e+01
-2.798724632219882125e+01
-2.820385674937362808e+01
-2.842174048039153078e+01
-2.864092950337895971e+01
-2.886145613564059431e+01
-2.908335287998280094e+01
-2.930665226871635554e+01
-2.953138669580280506e+01
-2.975758823847480272e+01
-2.998528846928930847e+01
-3.021451825996471996e+01
-3.044530757923962483e+01
-3.067768528622307755e+01
-3.091167892169611875e+01
-3.114731449954161846e+01
-3.138461630076416142e+01
-3.162360667324075791e+01
-3.186430583938668804e+01
-3.210673171483772848e+01
-3.235089974074203667e+01
-3.259682273280784415e+01
-3.284451074816344374e+01
-3.309397097167055080e+01
-3.334520762904094227e+01
-3.359822192218384629e+01
-3.385301198931377087e+01
-3.410957289052159069e+01
-3.436789661987391753e+01
-3.462797214310256066e+01
-3.488978545921150243e+01
-3.515331968485965319e+01
-3.541855515913658792e+01
-3.568546956680377491e+01
-3.595403807690608744e+01
-3.622423349338188103e+01
-3.649602641484455035e+01
-3.676938539958332797e+01
-3.704427713283546098e+01
-3.732066659282646981e+01
-3.759851721226839061e+01
-3.787779103316320573e+01
-3.815844885113927631e+01
-3.844045034758752877e+01
-3.872375420941972379e+01
-3.900831823326561931e+01
-3.929409941413737073e+01
-3.958105401762913544e+01
-3.986913763660106724e+01
-4.015830523234249938e+01
-4.044851116150793047e+01
-4.073970918929745721e+01
-4.103185249091239228e+01
-4.132489364273242671e+01
-4.161878460483027453e+01
-4.191347669707313628e+01
-4.220892057004226672e+01
-4.250506617302613677e+01
-4.280186272067039965e+01
-4.309925865973286818e+01
-4.339720163818180509e+01
-4.369563847500860732e+01
-4.399451513711078832e+01
-4.429377671959517215e+01
-4.459336743099559186e+01
-4.489323058492435337e+01
-4.519330859797833000e+01
-4.549354299425890247e+01
-4.579387441587938667e+01
-4.609424263947450129e+01
-4.639458659890608772e+01
-4.669484441326634538e+01
-4.699495342003615406e+01
-4.729485021271396761e+01
-4.759447068291365923e+01
-4.789375006569427740e+01
-4.819262298727979044e+01
-4.849102352064293342e+01
-4.878888523680191724e+01
-4.908614125757152635e+01
-4.938272431312515209e+01
-4.967856680981522999e+01
-4.997360088487888419e+01
-5.026775846580850526e+01
-5.056097133588735204e+01
-5.085317119336168901e+01
-5.114428971423787118e+01
-5.143425861995168447e+01
-5.172300974330719470e+01
-5.201047509378587819e+01
-5.229658692585915247e+01
-5.258127780545628127e+01
-5.286448067658195527e+01
-5.314612893078985678e+01
-5.342615648066059464e+01
-5.370449783125810228e+01
-5.398108814953283030e+01
-5.425586333601771116e+01
-5.452876010293158515e+01
-5.479971604858445033e+01
-5.506866972904811064e+01
-5.533556073970711253e+01
-5.560032978901748635e+01
-5.586291877410643281e+01
-5.612327085768421853e+01
-5.638133054476279682e+01
-5.663704375886460696e+01
-5.689035790998207887e+01
-5.714122197805224346e+01
-5.738958659397381723e+01
-5.763540410224518240e+01
-5.787862861998366526e+01
-5.811921610597053700e+01
-5.835712443196262456e+01
-5.859231344530407881e+01
-5.882474502455234244e+01
-5.905438313213291224e+01
-5.928119386440541660e+01
-5.950514549942491271e+01
-5.972620853969216626e+01
-5.994435574842782444e+01
-6.015956218130145317e+01
-6.037180521432077995e+01
-6.058106456590574851e+01
-6.078732231335446556e+01
-6.099056290412828218e+01
-6.119077316120218768e+01
-6.138794228322386459e+01
-6.158206183890050767e+01
-6.177312575580467779e+01
-6.196113030367554586e+01
-6.214607407221638624e+01
-6.232795794379717336e+01
-6.250678506078662622e+01
-6.268256078801202591e+01
-6.285529267043651203e+01
-6.302499038619132676e+01
-6.319166569550188939e+01
-6.335533238538117473e+01
-6.351600621066168628e+01
-6.367370483156563665e+01
-6.382844774801944254e+01
-6.398025623136459927e+01
-6.412915325324806304e+01
-6.427516341250704102e+01
-6.441831286015344915e+01
-6.455862922272932281e+01
-6.469614152456793477e+01
-6.483088010898472930e+01
-6.496287655895365276e+01
-6.509216361737898637e+01
-6.521877510747673057e+01
-6.534274585324914142e+01
-6.546411160053273193e+01
-6.558290893879529904e+01
-6.569917522383803998e+01
-6.581294850182753464e+01
-6.592426743457639304e+01
-6.603317122646984672e+01
-6.613969955311962678e+01
-6.624389249185243500e+01
-6.634579045431750899e+01
-6.644543412114389014e+01
-6.654286437885744476e+01
-6.663812225911907206e+01
-6.673124888030214663e+01
-6.682228539162585434e+01
-6.691127291965955237e+01
-6.699825251739403598e+01
-6.708326511584068896e+01
-6.716635147811854267e+01
-6.724755215616727355e+01
-6.732690744987677078e+01
-6.740445736876307592e+01
-6.748024159604754857e+01
-6.755429945524059576e+01
-6.762666987900716720e+01
-6.769739138039334136e+01
-6.776650202631087438e+01
-6.783403941317931185e+01
-6.790004064477672330e+01
-6.796454231206983820e+01
-6.802758047507670369e+01
-6.808919064664681287e+01
-6.814940777802968341e+01
-6.820826624628124080e+01
-6.826579984328576245e+01
-6.832204176641863569e+01
-6.837702461073425297e+01
-6.843078036257180941e+01
-6.848334039459754763e+01
-6.853473546208300604e+01
-6.858499570043832705e+01
-6.863415062389530874e+01
-6.868222912524245771e+01
-6.872925947662602653e+01
-6.877526933123857589e+01
-6.882028572591829629e+01
-6.886433508453197305e+01
-6.890744322216292517e+01
-6.894963534994286647e+01
-6.899093608054793947e+01
-6.903136943428030747e+01
-6.907095884566116695e+01
-6.910972717055084047e+01
-6.914769669366157245e+01
-6.918488913648667449e+01
-6.922132566557971245e+01
-6.925702690112294135e+01
-6.929201292580918903e+01
-6.932630329391911062e+01
-6.935991704062203667e+01
-6.939287269144783465e+01
-6.942518827188112596e+01
-6.945688131710684843e+01
-6.948796888180558540e+01
-6.951846755003096234e+01
-6.954839344512745924e+01
-6.957776223965078088e+01
-6.960658916532237583e+01
-6.963488902293202898e+01
-6.966267619222328733e+01
-6.968996464172863625e+01
-6.971676793852586229e+01
-6.974309925794862863e+01
-6.976897139317829044e+01
-6.979439676475530518e+01
-6.981938742996501901e+01
-6.984395509213548792e+01
-6.986811110978214856e+01
-6.989186650563543424e+01
-6.991523197553107138e+01
-6.993821789714448300e+01
-6.996083433860457035e+01
-6.998309106692971682e+01
-7.000499755632297649e+01
-7.002656299630953640e+01
-7.004779629970278165e+01
-7.006870611043376584e+01
-7.008930081119355293e+01
-7.010958853092479615e+01
-7.012957715214920995e+01
-7.014927431812003533e+01
-7.016868743983323498e+01
-7.018782370285329364e+01
-7.020669007398775818e+01
-7.022529330780032808e+01
-7.024363995295344409e+01
-7.026173635841325904e+01
-7.027958867947667443e+01
-7.029720288365579961e+01
-7.031458475639713868e+01
-7.033173990666979591e+01
-7.034867377238478525e+01
-7.036539162567783023e+01
-7.038189857804809435e+01
-7.039819958534570787e+01
-7.041429945263921297e+01
-7.043020283892762734e+01
-7.044591426172813442e+01
-7.046143810153267850e+01
-7.047677860612715506e+01
-7.049193989480271227e+01
-7.050692596242627985e+01
-7.052174068340003998e+01
-7.053638781550316139e+01
-7.055087100361069474e+01
-7.056519378331692849e+01
-7.057935958443302127e+01
-7.059337173438639468e+01
-7.060723346151615942e+01
-7.062094789825941632e+01
-7.063451808425476486e+01
-7.064794696933400076e+01
-7.066123741642961420e+01
-7.067439220438240000e+01
-7.068741403067562601e+01
-7.070030551406777874e+01
-7.071306919714959349e+01
-7.072570754881940047e+01
-7.073822296667232479e+01
-7.075061777932721441e+01
-7.076289424866445188e+01
-7.077505457199860928e+01
-7.078710088418092994e+01
-7.079903525962664901e+01
-7.081085971428977643e+01
-7.082257620756011818e+01
-7.083418664410484666e+01
-7.084569287564966089e+01
-7.085709670269483240e+01
-7.086839987618769499e+01
-7.087960409912702175e+01
-7.089071102812067693e+01
-7.090172227489161116e+01
-7.091263940772759611e+01
-7.092346395289511918e+01
-7.093419739599383433e+01
-7.094484118327301303e+01
-7.095539672289692135e+01
-7.096586538617965800e+01
-7.097624850876667324e+01
-7.098654739178265061e+01
-7.099676330294069260e+01
-7.100689747760836212e+01
-7.101695111984945186e+01
-7.102692540341904248e+01
-7.103682147273077874e+01
-7.104664044379136101e+01
-7.105638340509794659e+01
-7.106605141851628105e+01
-7.107564552011800174e+01
-7.108516672099520406e+01
-7.109461600804721115e+01
-7.110399434473561087e+01
-7.111330267182397336e+01
-7.112254190808219789e+01
-7.113171295097212976e+01
-7.114081667730982872e+01
-7.114985394390033946e+01
-7.115882558816115022e+01
-7.116773242871425964e+01
-7.117657526596421746e+01
-7.118535488265069944e+01
-7.119407204439210091e+01
-7.120272750020100716e+01
-7.121132198298691662e+01
-7.121985621004216682e+01
-7.122833088350638775e+01
-7.123674669082492983e+01
-7.124510430518229498e+01
-7.125340438592556325e+01
-7.126164757897365121e+01
-7.126983451720801099e+01
-7.127796582085946397e+01
-7.128604209787285129e+01
-7.129406394426391103e+01
-7.130203194446426096e+01
-7.130994667165023770e+01
-7.131780868806973217e+01
-7.132561854534914403e+01
-7.133337678479453814e+01
-7.134108393768271128e+01
-7.134874052553824697e+01
-7.135634706041003028e+01
-7.136390404512995644e+01
-7.137141197356726252e+01
-7.137887133087460256e+01
-7.138628259372167406e+01
-7.139364623052958336e+01
-7.140096270168909598e+01
-7.140823245977675526e+01
-7.141545594975902134e+01
-7.142263360919781690e+01
-7.142976586844136477e+01
-7.143685315081272336e+01
-7.144389587279233922e+01
-7.145089444419062374e+01
-7.145784926832294559e+01
-7.146476074217102337e+01
-7.147162925654319565e+01
-7.147845519622939037e+01
-7.148523894014748237e+01
-7.149198086149245057e+01
-7.149868132787337061e+01
-7.150534070144982479e+01
-7.151195933906389257e+01
-7.151853759236442443e+01
-7.152507580793475483e+01
-7.153157432740904653e+01
-7.153803348758879110e+01
-7.154445362055555790e+01
-7.155083505377679387e+01
-7.155717811021543184e+01
-7.156348310842908234e+01
-7.156975036267046164e+01
-7.157598018298048714e+01
-7.158217287528559325e+01
-7.158832874148519920e+01
-7.159444807953994427e+01
-7.160053118355735080e+01
-7.160657834387144760e+01
-7.161258984712694087e+01
-7.161856597635409116e+01
-7.162450701104469886e+01
-7.163041322722602899e+01
-7.163628489752910866e+01
-7.164212229126175657e+01
-7.164792567447292981e+01
-7.165369531001849168e+01
-7.165943145762507527e+01
-7.166513437394901587e+01
-7.167080431263990192e+01
-7.167644152439611105e+01
-7.168204625702186661e+01
-7.168761875548275952e+01
-7.169315926195663735e+01
-7.169866801588928240e+01
-7.170414525404243022e+01
-7.170959121054416130e+01
-7.171500611693420524e+01
-7.172039020221430405e+01
-7.172574369289095841e+01
-7.173106681302022025e+01
-7.173635978425132009e+01
-7.174162282586600270e+01
-7.174685615482297862e+01
-7.175205998579527034e+01
-7.175723453120941997e+01
-7.176238000128390127e+01
-7.176749660406355247e+01
-7.177258454545891198e+01
-7.177764402927884646e+01
-7.178267525726529641e+01
-7.178767842912704111e+01
-7.179265374257001042e+01
-7.179760139333225766e+01
-7.180252157521269396e+01
-7.180741448010175532e+01
-7.181228029801150115e+01
-7.181711921710217439e+01
-7.182193142371360750e+01
-7.182671710239053198e+01
-7.183147643591037479e+01
-7.183620960530747368e+01
-7.184091678990185414e+01
-7.184559816732213733e+01
-7.185025391353059376e+01
-7.185488420284760025e+01
-7.185948920797295614e+01
-7.186406910001204551e+01
-7.186862404849603081e+01
-7.187315422140437704e+01
-7.187765978518686438e+01
-7.188214090478255969e+01
-7.188659774364342070e+01
-7.189103046375244332e+01
-7.189543922564392631e+01
-7.189982418842323852e+01
-7.190418550978384360e+01
-7.190852334602881513e+01
-7.191283785208702284e+01
-7.191712918153147882e+01
-7.192139748659730003e+01
-7.192564291819688549e+01
-7.192986562593961253e+01
-7.193406575814645976e+01
-7.193824346186703167e+01
-7.194239888289361318e+01
-7.194653216577944477e+01
-7.195064345385226545e+01
-7.195473288922961785e+01
-7.195880061283415330e+01
-7.196284676440610895e+01
-7.196687148252038924e+01
-7.197087490459851722e+01
-7.197485716692285962e+01
-7.197881840465048242e+01
-7.198275875182454797e+01
-7.198667834139006061e+01
-7.199057730520466691e+01
-7.199445577405177232e+01
-7.199831387765321722e+01
-7.200215174467966506e+01
-7.200596950276514008e+01
-7.200976727851690384e+01
-7.201354519752750605e+01
-7.201730338438646584e+01
-7.202104196268972203e+01
-7.202476105505313342e+01
-7.202846078312161637e+01
-7.203214126758005875e+01
-7.203580262816427648e+01
-7.203944498366955429e+01
-7.204306845196335018e+01
-7.204667314999346672e+01
-7.205025919379872335e+01
-7.205382669851702815e+01
-7.205737577839725816e+01
-7.206090654680704688e+01
-7.206441911624231977e+01
-7.206791359833685817e+01
-7.207139010386964628e+01
-7.207484874277602671e+01
-7.207828962415483431e+01
-7.208171285627730640e+01
-7.208511854659597873e+01
-7.208850680175136461e+01
-7.209187772758255619e+01
-7.209523142913363358e+01
-7.209856801066214871e+01
-7.210188757564723971e+01
-7.210519022679599743e+01
-7.210847606605318560e+01
-7.211174519460742260e+01
-7.211499771289886951e+01
-7.211823372062698922e+01
-7.212145331675621662e+01
-7.212465659952545138e+01
-7.212784366645341549e+01
-7.213101461434648343e+01
-7.213416953930396858e+01
-7.213730853672711874e+01
-7.214043170132428884e+01
-7.214353912711790429e+01
-7.214663090745128216e+01
-7.214970713499367605e+01
-7.215276790174864630e+01
-7.215581329905896268e+01
-7.215884341761309884e+01
-7.216185834745161287e+01
-7.216485817797187963e+01
-7.216784299793596347e+01
-7.217081289547523681e+01
-7.217376795809639134e+01
-7.217670827268757705e+01
-7.217963392552265134e+01
-7.218254500226879600e+01
-7.218544158799068100e+01
-7.218832376715619148e+01
-7.219119162364222575e+01
-7.219404524073858909e+01
-7.219688470115529810e+01
-7.219971008702637505e+01
-7.220252147991563163e+01
-7.220531896082053436e+01
-7.220810261017901155e+01
-7.221087250787319078e+01
-7.221362873323455744e+01
-7.221637136504912746e+01
-7.221910048156095741e+01
-7.222181616047872410e+01
-7.222451847897914945e+01
-7.222720751371194581e+01
-7.222988334080463346e+01
-7.223254603586580913e+01
-7.223519567399154084e+01
-7.223783232976840907e+01
-7.224045607727823892e+01
-7.224306699010270449e+01
-7.224566514132638417e+01
-7.224825060354272921e+01
-7.225082344885710484e+01
-7.225338374889112458e+01
-7.225593157478705564e+01
-7.225846699721068944e+01
-7.226099008635706866e+01
-7.226350091195318726e+01
-7.226599954326259478e+01
-7.226848604908799700e+01
-7.227096049777686915e+01
-7.227342295722399967e+01
-7.227587349487556878e+01
-7.227831217773309902e+01
-7.228073907235599904e+01
-7.228315424486685004e+01
-7.228555776095383578e+01
-7.228794968587463643e+01
-7.229033008446009489e+01
-7.229269902111667534e+01
-7.229505655983152224e+01
-7.229740276417470568e+01
-7.229973769730291622e+01
-7.230206142196301755e+01
-7.230437400049424923e+01
-7.230667549483314360e+01
-7.230896596651562902e+01
-7.231124547668049729e+01
-7.231351408607284270e+01
-7.231577185504612260e+01
-7.231801884356681853e+01
-7.232025511121645422e+01
-7.232248071719516247e+01
-7.232469572032360361e+01
-7.232690017904754143e+01
-7.232909415143974741e+01
-7.233127769520312711e+01
-7.233345086767387500e+01
-7.233561372582335025e+01
-7.233776632626238268e+01
-7.233990872524306326e+01
-7.234204097866178529e+01
-7.234416314206221443e+01
-7.234627527063705088e+01
-7.234837741923217891e+01
-7.235046964234831535e+01
-7.235255199414396543e+01
-7.235462452843820813e+01
-7.235668729871237304e+01
-7.235874035811400518e+01
-7.236078375945851349e+01
-7.236281755523181403e+01
-7.236484179759315793e+01
-7.236685653837660936e+01
-7.236886182909491083e+01
-7.237085772094096114e+01
-7.237284426479045862e+01
-7.237482151120447327e+01
-7.237678951043096731e+01
-7.237874831240836215e+01
-7.238069796676708734e+01
-7.238263852283218114e+01
-7.238457002962479692e+01
-7.238649253586565635e+01
-7.238840608997648474e+01
-7.239031074008238420e+01
-7.239220653401427796e+01
-7.239409351931017511e+01
-7.239597174321858120e+01
-7.239784125269986248e+01
-7.239970209442844862e+01
-7.240155431479522008e+01
-7.240339795990867344e+01
-7.240523307559828936e+01
-7.240705970741566944e+01
-7.240887790063679574e+01
-7.241068770026420509e+01
-7.241248915102816852e+01
-7.241428229738984612e+01
-7.241606718354245231e+01
-7.241784385341335906e+01
-7.241961235066618485e+01
-7.242137271870196003e+01
-7.242312500066208258e+01
-7.242486923942949772e+01
-7.242660547763082945e+01
-7.242833375763751746e+01
-7.243005412156870193e+01
-7.243176661129231775e+01
-7.243347126842705563e+01
-7.243516813434422374e+01
-7.243685725016887034e+01
-7.243853865678252646e+01
-7.244021239482428598e+01
-7.244187850469259615e+01
-7.244353702654717608e+01
-7.244518800030994043e+01
-7.244683146566777054e+01
-7.244846746207342392e+01
-7.245009602874733901e+01
-7.245171720467941157e+01
-7.245333102862991836e+01
-7.245493753913217461e+01
-7.245653677449337238e+01
-7.245812877279632858e+01
-7.245971357190123285e+01
-7.246129120944642921e+01
-7.246286172285105920e+01
-7.246442514931582934e+01
-7.246598152582483010e+01
-7.246753088914638852e+01
-7.246907327583558356e+01
-7.247060872223491401e+01
-7.247213726447604643e+01
-7.247365893848134988e+01
-7.247517377996464916e+01
-7.247668182443366902e+01
-7.247818310719074475e+01
-7.247967766333441375e+01
-7.248116552776092192e+01
-7.248264673516490575e+01
-7.248412132004182240e+01
-7.248558931668857497e+01
-7.248705075920500462e+01
-7.248850568149542539e+01
-7.248995411726923521e+01
-7.249139610004321810e+01
-7.249283166314218363e+01
-7.249426083970041645e+01
-7.249568366266308317e+01
-7.249710016478690022e+01
-7.249851037864225134e+01
-7.249991433661392648e+01
-7.250131207090252872e+01
-7.250270361352515636e+01
-7.250408899631753457e+01
-7.250546825093456960e+01
-7.250684140885174145e+01
-7.250820850136635443e+01
-7.250956955959820505e+01
-7.251092461449161419e+01
-7.251227369681591028e+01
-7.251361683716686457e+01
-7.251495406596784221e+01
-7.251628541347039913e+01
-7.251761090975631419e+01
-7.251893058473802967e+01
-7.252024446815998715e+01
-7.252155258959982120e+01
-7.252285497846884255e+01
-7.252415166401404178e+01
-7.252544267531850153e+01
-7.252672804130270379e+01
-7.252800779072562420e+01
-7.252928195218527208e+01
-7.253055055412052354e+01
-7.253181362481164740e+01
-7.253307119238152723e+01
-7.253432328479618718e+01
-7.253556992986661101e+01
-7.253681115524916834e+01
-7.253804698844673737e+01
-7.253927745680984174e+01
-7.254050258753706260e+01
-7.254172240767685764e+01
-7.254293694412788795e+01
-7.254414622364026854e+01
-7.254535027281643522e+01
-7.254654911811172724e+01
-7.254774278583602154e+01
-7.254893130215418751e+01
-7.255011469308705330e+01
-7.255129298451257114e+01
-7.255246620216603048e+01
-7.255363437164187701e+01
-7.255479751839401104e+01
-7.255595566773686755e+01
-7.255710884484632572e+01
-7.255825707476014941e+01
-7.255940038237956458e+01
-7.256053879246968563e+01
-7.256167232966035385e+01
-7.256280101844724584e+01
-7.256392488319214351e+01
-7.256504394812452574e+01
-7.256615823734189519e+01
-7.256726777481088675e+01
-7.256837258436748073e+01
-7.256947268971870812e+01
-7.257056811444280697e+01
-7.257165888199025972e+01
-7.257274501568463165e+01
-7.257382653872289779e+01
-7.257490347417696341e+01
-7.257597584499391985e+01
-7.257704367399695400e+01
-7.257810698388625781e+01
-7.257916579723926986e+01
-7.258022013651212490e+01
-7.258127002403996642e+01
-7.258231548203781358e+01
-7.258335653260135700e+01
-7.258439319770731402e+01
-7.258542549921475029e+01
-7.258645345886539246e+01
-7.258747709828446659e+01
-7.258849643898147974e+01
-7.258951150235050420e+01
-7.259052230967159858e+01
-7.259152888211094989e+01
-7.259253124072183994e+01
-7.259352940644490104e+01
-7.259452340010945193e+01
-7.259551324243373926e+01
-7.259649895402569086e+01
-7.259748055538368305e+01
-7.259845806689682490e+01
-7.259943150884623719e+01
-7.260040090140525137e+01
-7.260136626464019116e+01
-7.260232761851111150e+01
-7.260328498287199750e+01
-7.260423837747210030e+01
-7.260518782195600807e+01
-7.260613333586458396e+01
-7.260707493863549189e+01
-7.260801264960346657e+01
-7.260894648800162088e+01
-7.260987647296155956e+01
-7.261080262351410397e+01
-7.261172495858998843e+01
-7.261264349702008758e+01
-7.261355825753658166e+01
-7.261446925877311287e+01
-7.261537651926566639e+01
-7.261628005745262726e+01
-7.261717989167610199e+01
-7.261807604018191853e+01
-7.261896852112043632e+01
-7.261985735254717156e+01
-7.262074255242289667e+01
-7.262162413861489085e+01
-7.262250212889702539e+01
-7.262337654095043149e+01
-7.262424739236418247e+01
-7.262511470063536478e+01
-7.262597848317030014e+01
-7.262683875728457394e+01
-7.262769554020378848e+01
-7.262854884906410291e+01
-7.262939870091238959e+01
-7.263024511270735672e+01
-7.263108810131963367e+01
-7.263192768353245299e+01
-7.263276387604216211e+01
-7.263359669545843644e+01
-7.263442615830530258e+01
-7.263525228102128040e+01
-7.263607507996005097e+01
-7.263689457139058447e+01
-7.263771077149819178e+01
-7.263852369638465234e+01
-7.263933336206878266e+01
-7.264013978448697628e+01
-7.264094297949334589e+01
-7.264174296286077492e+01
-7.264253975028094601e+01
-7.264333335736498043e+01
-7.264412379964393551e+01
-7.264491109256894674e+01
-7.264569525151216567e+01
-7.264647629176695887e+01
-7.264725422854836268e+01
-7.264802907699363743e+01
-7.264880085216239536e+01
-7.264956956903752427e+01
-7.265033524252535813e+01
-7.265109788745607489e+01
-7.265185751858436447e+01
-7.265261415058938610e+01
-7.265336779807580569e+01
-7.265411847557383851e+01
-7.265486619753986020e+01
-7.265561097835647786e+01
-7.265635283233348218e+01
-7.265709177370784744e+01
-7.265782781664432832e+01
-7.265856097523592894e+01
-7.265929126350391698e+01
-7.266001869539880431e+01
-7.266074328480037536e+01
-7.266146504551817031e+01
-7.266218399129199668e+01
-7.266290013579197193e+01
-7.266361349261939040e+01
-7.266432407530685111e+01
-7.266503189731862733e+01
-7.266573697205124915e+01
-7.266643931283346092e+01
-7.266713893292713067e+01
-7.266783584552733544e+01
-7.266853006376275914e+01
-7.266922160069617576e+01
-7.266991046932450615e+01
-7.267059668257964233e+01
-7.267128025332851848e+01
-7.267196119437356572e+01
-7.267263951845310999e+01
-7.267331523824141470e+01
-7.267398836634957604e+01
-7.267465891532552291e+01
-7.267532689765448595e+01
-7.267599232575909696e+01
-7.267665521200019896e+01
-7.267731556867684617e+01
-7.267797340802673034e+01
-7.267862874222663550e+01
-7.267928158339245215e+01
-7.267993194357993048e+01
-7.268057983478482242e+01
-7.268122526894313751e+01
-7.268186825793169703e+01
-7.268250881356806303e+01
-7.268314694761134831e+01
-7.268378267176227325e+01
-7.268441599766347849e+01
-7.268504693690000806e+01
-7.268567550099932362e+01
-7.268630170143198654e+01
-7.268692554961177166e+01
-7.268754705689602247e+01
-7.268816623458597803e+01
-7.268878309392688664e+01
-7.268939764610868792e+01
-7.269000990226604131e+01
-7.269061987347878073e+01
-7.269122757077191466e+01
-7.269183300511640766e+01
-7.269243618742910940e+01
-7.269303712857315247e+01
-7.269363583935837880e+01
-7.269423233054128275e+01
-7.269482661282572167e+01
-7.269541869686295854e+01
-7.269600859325203146e+01
-7.269659631254003784e+01
-7.269718186522223391e+01
-7.269776526174265996e+01
-7.269834651249416879e+01
-7.269892562781878098e+01
-7.269950261800802593e+01
-7.270007749330297031e+01
-7.270065026389478646e+01
-7.270122093992495138e+01
-7.270178953148540302e+01
-7.270235604861895240e+01
-7.270292050131929784e+01
-7.270348289953165022e+01
-7.270404325315277561e+01
-7.270460157203133633e+01
-7.270515786596794783e+01
-7.270571214471577548e+01
-7.270626441798056305e+01
-7.270681469542095954e+01
-7.270736298664881758e+01
-7.270790930122919349e+01
-7.270845364868100091e+01
