-6.656698904206031386e+01
-5.184187762627064444e+01
-3.628012277410058317e+01
2.603138831121388463e+01
4.340624569546365308e+01
4.778727061845045654e+01
4.816320607981685242e+01
3.446920012002544809e+01
2.399535800427612031e+01
1.596528892155482993e+01
9.745886819234806708e+00
4.880905449070269242e+00
1.037030134481986554e+00
-2.035705907535124037e+00
-4.524952620513245094e+00
-6.569484936477273607e+00
-8.270887166550716429e+00
-9.703949935194573939e+00
-1.092484891798729940e+01
-1.197684014074939007e+01
-1.289393641739066432e+01
-1.370323453799203683e+01
-1.442645020294028235e+01
-1.508100835110586146e+01
-1.568087490453156718e+01
-1.623722340903411521e+01
-1.675898019520945681e+01
-1.725327195903136968e+01
-1.772579098737176651e+01
-1.818109130093494841e+01
-1.862282547390450560e+01
-1.905393388914650288e+01
-1.947679354573778099e+01
-1.989333573638523589e+01
-2.030513763685032913e+01
-2.071349428803627291e+01
-2.111947499015883878e+01
-2.152396703532424738e+01
-2.192771077504711741e+01
-2.233132678482013489e+01
-2.273533762520019863e+01
-2.314018569950806992e+01
-2.354624734192741897e+01
-2.395384421573152878e+01
-2.436325284437853256e+01
-2.477471237328844467e+01
-2.518843086634734973e+01
-2.560459036259785037e+01
-2.602335107861783214e+01
-2.644485381826277148e+01
-2.686922299146652193e+01
-2.729656748941140521e+01
-2.772698157291642218e+01
-2.816054439060879844e+01
-2.859731962689790308e+01
-2.903735513821742487e+01
-2.948068105618640899e+01
-2.992730804329506000e+01
-3.037722658470067216e+01
-3.083040511925019089e+01
-3.128678904489407486e+01
-3.174630002391486272e+01
-3.220883505906950717e+01
-3.267426788747302169e+01
-3.314244846921805276e+01
-3.361320599882503046e+01
-3.408634896751064502e+01
-3.456166877618904465e+01
-3.503894256995027234e+01
-3.551793527340407763e+01
-3.599840328416786406e+01
-3.648009773873672401e+01
-3.696276715924382472e+01
-3.744616028497656401e+01
-3.793002843519752787e+01
-3.841412764145490399e+01
-3.889822017287097111e+01
-3.938207588800734982e+01
-3.986547286823510916e+01
-4.034819782691200629e+01
-4.083004622000817108e+01
-4.131082190080960714e+01
-4.179033656763090221e+01
-4.226840897173141087e+01
-4.274486399488782951e+01
-4.321953162465884191e+01
-4.369224591891070020e+01
-4.416284377072148004e+01
-4.463116384853305618e+01
-4.509704574806294630e+01
-4.556032894458314786e+01
-4.602085211248226670e+01
-4.647845256770195732e+01
-4.693296554803386300e+01
-4.738422391557600832e+01
-4.783205803082891094e+01
-4.827629575279927110e+01
-4.871676253552003999e+01
-4.915328166947290356e+01
-4.958567467297906717e+01
-5.001376180832958340e+01
-5.043736269766952063e+01
-5.085629701727570762e+01
-5.127038525846588612e+01
-5.167944954096823551e+01
-5.208331446605978243e+01
-5.248180798963028337e+01
-5.287476230749570050e+01
-5.326201472529685077e+01
-5.364340842634161532e+01
-5.401879354545653200e+01
-5.438802777165832225e+01
-5.475097710070822643e+01
-5.510751651773508542e+01
-5.545753063316398368e+01
-5.580091419635535033e+01
-5.613757257381983834e+01
-5.646742216222386901e+01
-5.679039069901615733e+01
-5.710641748813340968e+01
-5.741545357050048182e+01
-5.771746182132559255e+01
-5.801241691207919615e+01
-5.830030521521178599e+01
-5.858112467286710512e+01
-5.885488460271696454e+01
-5.912160542050567358e+01
-5.938131829633301351e+01
-5.963406476670706979e+01
-5.987989630772500504e+01
-6.011887386607869388e+01
-6.035106735219390117e+01
-6.057655510669949450e+01
-6.079542334440775875e+01
-6.100776558056002585e+01
-6.121368204898028864e+01
-6.141327911240330195e+01
-6.160666867129589974e+01
-6.179396757634003023e+01
-6.197529704914319382e+01
-6.215078211419861276e+01
-6.232055104516712163e+01
-6.248473482872243778e+01
-6.264346664865548320e+01
-6.279688139196514385e+01
-6.294511517904737019e+01
-6.308830491855451328e+01
-6.322658788894393211e+01
-6.336010134616191891e+01
-6.348898215925640898e+01
-6.361336647210581674e+01
-6.373338939378383827e+01
-6.384918471317185862e+01
-6.396088464360683901e+01
-6.406861958647323263e+01
-6.417251792211237671e+01
-6.427270583208895971e+01
-6.436930714339212045e+01
-6.446244317606313246e+01
-6.455223262391609751e+01
-6.463879145788045832e+01
-6.472223284131560206e+01
-6.480266706275659772e+01
-6.488020148534988607e+01
-6.495494051114910405e+01
-6.502698555770307109e+01
-6.509643504681720572e+01
-6.516338440379082897e+01
-6.522792606707336915e+01
-6.529014950652536697e+01
-6.535014124993809048e+01
-6.540798491654744851e+01
-6.546376125706379412e+01
-6.551754819830209442e+01
-6.556942089362054560e+01
-6.561945177729015199e+01
-6.566771062191745045e+01
-6.571426459954260224e+01
-6.575917834437724707e+01
-6.580251401567154801e+01
-6.584433136557414912e+01
-6.588468780678475412e+01
-6.592363847869124527e+01
-6.596123631218922867e+01
-6.599753211039987377e+01
-6.603257461681720031e+01
-6.606641057248633331e+01
-6.609908477914669334e+01
-6.613064017084387558e+01
-6.616111788385448733e+01
-6.619055732015888793e+01
-6.621899620768948580e+01
-6.624647066115763039e+01
-6.627301524330866300e+01
-6.629866302448746751e+01
-6.632344563969989792e+01
-6.634739334378163278e+01
-6.637053506535434622e+01
-6.639289845950125368e+01
-6.641450995873823615e+01
-6.643539482219051706e+01
-6.645557718307708228e+01
-6.647508009467343015e+01
-6.649392557471749399e+01
-6.651213464821962873e+01
-6.652972738868980684e+01
-6.654672295781043090e+01
-6.656313964363641844e+01
-6.657899489732346865e+01
-6.659430536841615833e+01
-6.660908693873588504e+01
-6.662335475488924885e+01
-6.663712325946443116e+01
-6.665040622092374178e+01
-6.666321676225763326e+01
-6.667556738841578579e+01
-6.668747001256343765e+01
-6.669893598120836486e+01
-6.670997609822016727e+01
-6.672060064779934407e+01
-6.673081941641673609e+01
-6.674064171376677734e+01
-6.675007639277629323e+01
-6.675913186868979210e+01
-6.676781613728219611e+01
-6.677613679221883558e+01
-6.678410104160130345e+01
-6.679171572373473964e+01
-6.679898732213631263e+01
-6.680592197982821290e+01
-6.681252551293025022e+01
-6.681880342359293934e+01
-6.682476091228758719e+01
-6.683040288948329533e+01
-6.683573398673966892e+01
-6.684075856723042364e+01
-6.684548073573067484e+01
-6.684990434808194948e+01
-6.685403302016014493e+01
-6.685787013636827680e+01
-6.686141885766805615e+01
-6.686468212917574760e+01
-6.686766268733326513e+01
-6.687036306667783947e+01
-6.687278560622155510e+01
-6.687493245545850584e+01
-6.687680558001513020e+01
-6.687840676695481079e+01
-6.687973762975353509e+01
-6.688079961295616727e+01
-6.688159399652728609e+01
-6.688212189990758816e+01
-6.688238428578564765e+01
-6.688238196359651511e+01
-6.688211559275569584e+01
-6.688158568563798667e+01
-6.688079261030948430e+01
-6.687973659302109297e+01
-6.687841772046996880e+01
-6.687683594183741320e+01
-6.687499107060791914e+01
-6.687288278617680248e+01
-6.687051063525167649e+01
-6.686787403305146427e+01
-6.686497226431060881e+01
-6.686180448408899224e+01
-6.685836971839553655e+01
-6.685466686462477526e+01
-6.685069469181308932e+01
-6.684645184071604262e+01
-6.684193682370688805e+01
-6.683714802450363379e+01
-6.683208369771956825e+01
-6.682674196824441992e+01
-6.682112083045512918e+01
-6.681521814725304864e+01
-6.680903164893628343e+01
-6.680255893189665528e+01
-6.679579745715221861e+01
-6.678874454870322097e+01
-6.678139739171994904e+01
-6.677375303055740119e+01
-6.676580836659091744e+01
-6.675756015588144976e+01
-6.674900500665496850e+01
-6.674013937660480167e+01
-6.673095957000934675e+01
-6.672146173465709751e+01
-6.671164185858783924e+01
-6.670149576663014557e+01
-6.669101911674817984e+01
-6.668020739617598736e+01
-6.666905591734865766e+01
-6.665755981361989768e+01
-6.664571403475359546e+01
-6.663351334219949251e+01
-6.662095230412747071e+01
-6.660802529023052898e+01
-6.659472646628314862e+01
-6.658104978843989841e+01
