-7.304979219054945361e+01
-5.824076181148545572e+01
-4.336121426974474957e+01
1.330123045903039447e+01
5.079279041245460746e+01
5.497510623960008758e+01
5.397021189296367538e+01
3.924958358316196438e+01
2.825054722430343901e+01
1.990470893110933659e+01
1.342228187855356936e+01
8.294627870749085474e+00
4.189669749388330366e+00
8.754198367921456336e-01
-1.820125650685144869e+00
-4.028021623193389189e+00
-5.848661191016722327e+00
-7.359143537964172310e+00
-8.619254437124190815e+00
-9.676096274211323234e+00
-1.056738162188803187e+01
-1.132365279146096348e+01
-1.196978005440546333e+01
-1.252602713802478007e+01
-1.300886765845990922e+01
-1.343164988146817151e+01
-1.380515573308082011e+01
-1.413807477423107528e+01
-1.443740378030326355e+01
-1.470877992107683774e+01
-1.495675522089599774e+01
-1.518501936412564035e+01
-1.539657941283699749e+01
-1.559390254362413231e+01
-1.577902908019757611e+01
-1.595366058840646062e+01
-1.611923016596220748e+01
-1.627695516490183536e+01
-1.642787916440055795e+01
-1.657290486747120895e+01
-1.671281866920096704e+01
-1.684831032991011668e+01
-1.697998831073709880e+01
-1.710839179257953546e+01
-1.723400022694094602e+01
-1.735724114593097411e+01
-1.747849611235837131e+01
-1.759810643692031817e+01
-1.771637710089788698e+01
-1.783358140194403418e+01
-1.794996231099284145e+01
-1.806573679707961588e+01
-1.818109819241346514e+01
-1.829621797561972230e+01
-1.841124798985144295e+01
-1.852632219777498079e+01
-1.864155851709805489e+01
-1.875706021088960540e+01
-1.887291720050024324e+01
-1.898920736736701542e+01
-1.910599786432958780e+01
-1.922334606934762036e+01
-1.934130060781683369e+01
-1.945990223149905773e+01
-1.957918466008706915e+01
-1.969917535893802807e+01
-1.981989622705026832e+01
-1.994136422624022842e+01
-2.006359196462348393e+01
-2.018658822730381885e+01
-2.031035846265464428e+01
-2.043490521471119337e+01
-2.056022852511305743e+01
-2.068632628800959594e+01
-2.081319458456406224e+01
-2.094082796659633061e+01
-2.106921973449321328e+01
-2.119836215959107406e+01
-2.132824672116848319e+01
-2.145886427077071090e+01
-2.159020522860467395e+01
-2.172225972518665316e+01
-2.185501774313475210e+01
-2.198846923577411161e+01
-2.212260423534966236e+01
-2.225741295119022922e+01
-2.239288585461859071e+01
-2.252901375323124356e+01
-2.266578785671511653e+01
-2.280319983528760375e+01
-2.294124187122871206e+01
-2.307990670339992789e+01
-2.321918766607320705e+01
-2.335907872293299192e+01
-2.349957449737705062e+01
-2.364067029847576862e+01
-2.378236214273174198e+01
-2.392464677314877264e+01
-2.406752167673478127e+01
-2.421098509948005884e+01
-2.435503605754041700e+01
-2.449967434741602546e+01
-2.464490055551139847e+01
-2.479071606570050790e+01
-2.493712306506336773e+01
-2.508412454839296046e+01
-2.523172432212462013e+01
-2.537992700732741724e+01
-2.552873804124432766e+01
-2.567816367766223351e+01
-2.582821098646670421e+01
-2.597888785281681834e+01
-2.613020297468063546e+01
-2.628216585909287062e+01
-2.643478681738979219e+01
-2.658807695964175366e+01
-2.674204818772924952e+01
-2.689671318652646903e+01
-2.705208541345055906e+01
-2.720817908692873743e+01
-2.736500917312795167e+01
-2.752259137058152305e+01
-2.768094209236283021e+01
-2.784007844643673479e+01
-2.800001821380865152e+01
-2.816077982411399461e+01
-2.832238232843774028e+01
-2.848484536936942746e+01
-2.864818914825553620e+01
-2.881243438948849800e+01
-2.897760230139884285e+01
-2.914371453423320091e+01
-2.931079313446568690e+01
-2.947886049594821500e+01
-2.964793930758170148e+01
-2.981805249751220899e+01
-2.998922317391215131e+01
-3.016147456243428948e+01
-3.033482994047898629e+01
-3.050931256820701520e+01
-3.068494561641311691e+01
-3.086175209202708913e+01
-3.103975476119013877e+01
-3.121897607002261310e+01
-3.139943806352862765e+01
-3.158116230320511164e+01
-3.176416978382355083e+01
-3.194848084979285119e+01
-3.213411511163869250e+01
-3.232109136294809559e+01
-3.250942749903965279e+01
-3.269914043711145979e+01
-3.289024603908822542e+01
-3.308275903752665670e+01
-3.327669296523974651e+01
-3.347206008922751153e+01
-3.366887134945464055e+01
-3.386713630301792932e+01
-3.406686307392610047e+01
-3.426805830965709276e+01
-3.447072714294218798e+01
-3.467487316157085075e+01
-3.488049838474649533e+01
-3.508760324622255666e+01
-3.529618658424426059e+01
-3.550624563832867864e+01
-3.571777605268577105e+01
-3.593077188593807136e+01
-3.614522562642309822e+01
-3.636112821338179657e+01
-3.657846906259123898e+01
-3.679723609660846506e+01
-3.701741577872749644e+01
-3.723899315007990651e+01
-3.746195186927293008e+01
-3.768627425396242359e+01
-3.791194132377439274e+01
-3.813893284406702833e+01
-3.836722736974022041e+01
-3.859680228946648128e+01
-3.882763386839217645e+01
-3.905969729076416286e+01
-3.929296670119387613e+01
-3.952741524453027466e+01
-3.976301510418583263e+01
-3.999973753897910456e+01
-4.023755291855066218e+01
-4.047643075704225879e+01
-4.071633974592203487e+01
-4.095724778503196717e+01
-4.119912201283615616e+01
-4.144192883573926167e+01
-4.168563395669366400e+01
-4.193020240330217518e+01
-4.217559855556872606e+01
-4.242178617350809589e+01
-4.266872842474615624e+01
-4.291638791199474667e+01
-4.316472670115260968e+01
-4.341370634926372674e+01
-4.366328793278665188e+01
-4.391343207620069222e+01
-4.416409898079823648e+01
-4.441524845362877016e+01
-4.466683993645449391e+01
-4.491883253473331905e+01
-4.517118504611239160e+01
-4.542385598922454903e+01
-4.567680363140522104e+01
-4.592998601615032328e+01
-4.618336098970595316e+01
-4.643688622691254153e+01
-4.669051925589352692e+01
-4.694421748193714450e+01
-4.719793820975197463e+01
-4.745163866533883379e+01
-4.770527601476814539e+01
-4.795880738460201798e+01
-4.821218987806547318e+01
-4.846538059290544709e+01
-4.871833663422534499e+01
-4.897101512927653033e+01
-4.922337323994317160e+01
-4.947536817392629160e+01
-4.972695719560046257e+01
-4.997809763757029344e+01
-5.022874690788543006e+01
-5.047886250176055967e+01
-5.072840200914152575e+01
-5.097732312216606232e+01
-5.122558364233648831e+01
-5.147314149239324621e+01
-5.171995472191404986e+01
-5.196598151887973671e+01
-5.221118021991628666e+01
-5.245550931796958594e+01
-5.269892747617393525e+01
-5.294139353522026425e+01
-5.318286653123036700e+01
-5.342330571082781887e+01
-5.366267054340362819e+01
-5.390092073809028506e+01
-5.413801626166985415e+01
-5.437391735863022291e+01
-5.460858457133029020e+01
-5.484197876176223474e+01
-5.507406113486889865e+01
-5.530479326316409328e+01
-5.553413711244984796e+01
-5.576205506921149890e+01
-5.598850996865593999e+01
-5.621346512458477207e+01
-5.643688435947328230e+01
-5.665873203666100721e+01
-5.687897309191925643e+01
-5.709757306773719421e+01
-5.731449814554789413e+01
-5.752971518307570165e+01
-5.774319174457713899e+01
-5.795489613953304797e+01
-5.816479745708249993e+01
-5.837286560068248775e+01
-5.857907132290836927e+01
-5.878338626011477430e+01
-5.898578296648068431e+01
-5.918623494766294613e+01
-5.938471669321203450e+01
-5.958120370684646616e+01
-5.977567253695110594e+01
-5.996810081091886246e+01
-6.015846726224368979e+01
-6.034675175197744323e+01
-6.053293529219940439e+01
-6.071700007145044964e+01
-6.089892947718909255e+01
-6.107870811443309833e+01
-6.125632182137530890e+01
-6.143175768364632461e+01
-6.160500404697960164e+01
-6.177605052767770388e+01
-6.194488802003321126e+01
-6.211150870127556800e+01
-6.227590603435496774e+01
-6.243807476813849178e+01
-6.259801093551556761e+01
-6.275571184861112783e+01
-6.291117609172648173e+01
-6.306440351189147009e+01
-6.321539520709440296e+01
-6.336415351220818337e+01
-6.351068198267368814e+01
-6.365498537602589124e+01
-6.379706963138458775e+01
-6.393694184680470727e+01
-6.407461025506188435e+01
-6.421008419732800121e+01
-6.434337409533488028e+01
-6.447449142194443539e+01
-6.460344867027799864e+01
-6.473025932152147277e+01
-6.485493781152109705e+01
-6.497749949631554500e+01
-6.509796061674062173e+01
-6.521633826206952733e+01
-6.533265033322385307e+01
-6.544691550513216782e+01
-6.555915318877023878e+01
-6.566938349283483944e+01
-6.577762718519458929e+01
-6.588390565422990619e+01
-6.598824087017132456e+01
-6.609065534656289742e+01
-6.619117210181167366e+01
-6.628981462126560587e+01
-6.638660681944394071e+01
-6.648157300285478755e+01
-6.657473783333772133e+01
-6.666612629202846563e+01
-6.675576364401263163e+01
-6.684367540372983285e+01
-6.692988730119154184e+01
-6.701442524906914855e+01
-6.709731531059205167e+01
-6.717858366858220620e+01
-6.725825659527500022e+01
-6.733636042324437199e+01
-6.741292151734025140e+01
-6.748796624767827268e+01
-6.756152096369734750e+01
-6.763361196929581354e+01
-6.770426549906892433e+01
-6.777350769555486920e+01
-6.784136458772879053e+01
-6.790786207041978173e+01
-6.797302588488520314e+01
-6.803688160043512312e+01
-6.809945459711039462e+01
-6.816077004939890571e+01
-6.822085291097241111e+01
-6.827972790042339568e+01
-6.833741948800070531e+01
-6.839395188322926344e+01
-6.844934902359521800e+01
-6.850363456400746998e+01
-6.855683186720632705e+01
-6.860896399501116605e+01
-6.866005370039232503e+01
-6.871012342033895948e+01
-6.875919526949405736e+01
-6.880729103452713957e+01
-6.885443216922553233e+01
-6.890063979021074658e+01
-6.894593467341093174e+01
-6.899033725104580128e+01
-6.903386760925613430e+01
-6.907654548628472924e+01
-6.911839027119091838e+01
-6.915942100307140095e+01
-6.919965637075961240e+01
-6.923911471298583820e+01
-6.927781401892077895e+01
-6.931577192920690322e+01
-6.935300573727658957e+01
-6.938953239106781723e+01
-6.942536849505995633e+01
-6.946053031261570254e+01
-6.949503376860771198e+01
-6.952889445230891852e+01
-6.956212762052672360e+01
-6.959474820096880876e+01
-6.962677079577805728e+01
-6.965820968532925406e+01
-6.968907883212258980e+01
-6.971939188486921068e+01
-6.974916218270850266e+01
-6.977840275954987703e+01
-6.980712634852493181e+01
-6.983534538653677259e+01
-6.986307201889368912e+01
-6.989031810402136102e+01
-6.991709521820573059e+01
-6.994341466044771494e+01
-6.996928745729634613e+01
-6.999472436774388484e+01
-7.001973588813679328e+01
-7.004433225710009481e+01
-7.006852346046755997e+01
-7.009231923621024407e+01
-7.011572907936198362e+01
-7.013876224690353922e+01
-7.016142776267933812e+01
-7.018373442223465020e+01
-7.020569079764824494e+01
-7.022730524232393634e+01
-7.024858589574189693e+01
-7.026954068816574761e+01
-7.029017734530204109e+01
-7.031050339290869999e+01
-7.033052616135402957e+01
-7.035025279009636279e+01
-7.036969023215000618e+01
-7.038884525844466111e+01
-7.040772446214427305e+01
-7.042633426289663134e+01
-7.044468091101674645e+01
-7.046277049160254080e+01
-7.048060892858217130e+01
-7.049820198869568344e+01
-7.051555528538659701e+01
-7.053267428266272532e+01
-7.054956429884586555e+01
-7.056623051026990368e+01
-7.058267795490357344e+01
-7.059891153590137947e+01
-7.061493602508325296e+01
-7.063075606634261305e+01
-7.064637617898353028e+01
-7.066180076099058738e+01
-7.067703409221114441e+01
-7.069208033750273046e+01
-7.070694354977626972e+01
-7.072162767298846120e+01
-7.073613654506269199e+01
-7.075047390074311693e+01
-7.076464337438225982e+01
-7.077864850266340113e+01
-7.079249272725832043e+01
-7.080617939742461431e+01
-7.081971177252472671e+01
-7.083309302451445433e+01
-7.084632624033947934e+01
-7.085941442428780590e+01
-7.087236050028045042e+01
-7.088516731410429372e+01
-7.089783763558838814e+01
-7.091037416072471444e+01
-7.092277951373708333e+01
-7.093505624908257801e+01
-7.094720685342880984e+01
-7.095923374755139434e+01
-7.097113928819545947e+01
-7.098292576988492897e+01
-7.099459542668371625e+01
-7.100615043390965297e+01
-7.101759290980228911e+01
-7.102892491714568735e+01
-7.104014846484957957e+01
-7.105126550947473163e+01
-7.106227795674172398e+01
-7.107318766297312607e+01
-7.108399643650825794e+01
-7.109470603907627151e+01
-7.110531818713097607e+01
-7.111583455314843150e+01
-7.112625676688803367e+01
-7.113658641662058812e+01
-7.114682505030998527e+01
-7.115697417678467218e+01
-7.116703526685274994e+01
-7.117700975439679212e+01
-7.118689903743511138e+01
-7.119670447915270017e+01
-7.120642740890251332e+01
-7.121606912317788840e+01
-7.122563088655704178e+01
-7.123511393262232616e+01
-7.124451946484211362e+01
-7.125384865744845797e+01
-7.126310265626793239e+01
-7.127228257953886725e+01
-7.128138951870251105e+01
-7.129042453917115552e+01
-7.129938868107362282e+01
-7.130828295997901023e+01
-7.131710836759894789e+01
-7.132586587247133991e+01
-7.133455642061393576e+01
-7.134318093617829959e+01
-7.135174032206488448e+01
-7.136023546052952327e+01
-7.136866721377019473e+01
-7.137703642449613994e+01
-7.138534391648022392e+01
-7.139359049509477018e+01
-7.140177694783338325e+01
-7.140990404480791653e+01
-7.141797253924896438e+01
-7.142598316797329971e+01
-7.143393665184611052e+01
-7.144183369622800228e+01
-7.144967499140834377e+01
-7.145746121302576626e+01
-7.146519302247602923e+01
-7.147287106730767903e+01
-7.148049598160758933e+01
-7.148806838636633643e+01
-7.149558888984971361e+01
-7.150305808794213647e+01
-7.151047656448804446e+01
-7.151784489162166381e+01
-7.152516363008656697e+01
-7.153243332954586720e+01
-7.153965452888299126e+01
-7.154682775649347093e+01
-7.155395353056961483e+01
-7.156103235936846829e+01
-7.156806474148794450e+01
-7.157505116611864082e+01
-7.158199211329599621e+01
-7.158888805414339629e+01
-7.159573945110798832e+01
-7.160254675818939063e+01
-7.160931042116155254e+01
-7.161603087778965460e+01
-7.162270855803268432e+01
-7.162934388425534848e+01
-7.163593727141841327e+01
-7.164248912727097718e+01
-7.164899985253541104e+01
-7.165546984108701167e+01
-7.166189948012802802e+01
-7.166828915035675607e+01
-7.167463922613150373e+01
-7.168095007563114507e+01
-7.168722206100380845e+01
-7.169345553852535602e+01
-7.169965085873907640e+01
-7.170580836659823376e+01
-7.171192840160308890e+01
-7.171801129793385599e+01
-7.172405738457972291e+01
-7.173006698546426207e+01
-7.173604041956821220e+01
-7.174197800104225564e+01
-7.174788003932971492e+01
-7.175374683927242359e+01
-7.175957870122012139e+01
-7.176537592113538722e+01
-7.177113879069548830e+01
-7.177686759739138722e+01
-7.178256262462372206e+01
-7.178822415179621430e+01
-7.179385245440757046e+01
-7.179944780413440242e+01
-7.180501046892442218e+01
-7.181054071307448794e+01
-7.181603879731252960e+01
-7.182150497887609220e+01
-7.182693951158846346e+01
-7.183234264593281182e+01
-7.183771462912419281e+01
-7.184305570517948070e+01
-7.184836611498658954e+01
-7.185364609636582145e+01
-7.185889588414134721e+01
-7.186411571019887390e+01
-7.186930580354763265e+01
-7.187446639037949581e+01
-7.187959769412643141e+01
-7.188469993551638026e+01
-7.188977333262769776e+01
-7.189481810094314085e+01
-7.189983445339674972e+01
-7.190482260043086171e+01
-7.190978275004017917e+01
-7.191471510782038479e+01
-7.191961987701427006e+01
-7.192449725855672682e+01
-7.192934745111837458e+01
-7.193417065114826414e+01
-7.193896705291527383e+01
-7.194373684854954831e+01
-7.194848022807761367e+01
-7.195319737946704208e+01
-7.195788848865954890e+01
-7.196255373960833879e+01
-7.196719331431363287e+01
-7.197180739285707318e+01
-7.197639615343548769e+01
-7.198095977239361787e+01
-7.198549842425713052e+01
-7.199001228175968947e+01
-7.199450151587946323e+01
-7.199896629586477559e+01
-7.200340678926393423e+01
-7.200782316195348187e+01
-7.201221557816568009e+01
-7.201658420051541043e+01
-7.202092919002627980e+01
-7.202525070615629943e+01
-7.202954890682373446e+01
-7.203382394842758174e+01
-7.203807598587722794e+01
-7.204230517261177624e+01
-7.204651166062370748e+01
-7.205069560048100641e+01
-7.205485714134883324e+01
-7.205899643101069785e+01
-7.206311361588905129e+01
-7.206720884106556468e+01
-7.207128225030170654e+01
-7.207533398605445996e+01
-7.207936418950060897e+01
-7.208337300055160313e+01
-7.208736055787242947e+01
-7.209132699889929086e+01
-7.209527245985690058e+01
-7.209919707577536485e+01
-7.210310098050668159e+01
-7.210698430674179349e+01
-7.211084718602289456e+01
-7.211468974876427751e+01
-7.211851212426391555e+01
-7.212231444071925068e+01
-7.212609682524167454e+01
-7.212985940387082451e+01
-7.213360230158858144e+01
-7.213732564233268363e+01
-7.214102954901018450e+01
-7.214471414351136502e+01
-7.214837954671935449e+01
-7.215202587852766669e+01
-7.215565325784932327e+01
-7.215926180262974299e+01
-7.216285162985872148e+01
-7.216642285558204151e+01
-7.216997559491296954e+01
-7.217350996204342550e+01
-7.217702607025513828e+01
-7.218052403193107125e+01
-7.218400395856303930e+01
-7.218746596076680078e+01
-7.219091014828912023e+01
-7.219433663001865398e+01
-7.219774551399576978e+01
-7.220113690742226709e+01
-7.220451091667089827e+01
-7.220786764729470519e+01
-7.221120720403696680e+01
-7.221452969083718187e+01
-7.221783521084456936e+01
-7.222112386642366744e+01
-7.222439575916369847e+01
-7.222765098988698185e+01
-7.223088965865727573e+01
-7.223411186478787727e+01
-7.223731770684966591e+01
-7.224050728267893362e+01
-7.224368068938593979e+01
-7.224683802335962923e+01
-7.224997938027946986e+01
-7.225310485511990066e+01
-7.225621454215841766e+01
-7.225930853498267936e+01
-7.226238692649755535e+01
-7.226544980893208958e+01
-7.226849727384630739e+01
-7.227152941213863357e+01
-7.227454631404975771e+01
-7.227754806917332075e+01
-7.228053476645955300e+01
-7.228350649422230845e+01
-7.228646334014533181e+01
-7.228940539128829812e+01
-7.229233273409305127e+01
-7.229524545438937366e+01
-7.229814363740105421e+01
-7.230102736775218375e+01
-7.230389672947038093e+01
-7.230675180599628504e+01
-7.230959268018651187e+01
-7.231241943431979280e+01
-7.231523215010238914e+01
-7.231803090867339279e+01
-7.232081579061002685e+01
-7.232358687593280422e+01
-7.232634424411068608e+01
-7.232908797406665258e+01
-7.233181814418033184e+01
-7.233453483229654069e+01
-7.233723811572770046e+01
-7.233992807125927982e+01
-7.234260477515441323e+01
-7.234526830315866164e+01
-7.234791873050457411e+01
-7.235055613191626378e+01
-7.235318058161448107e+01
-7.235579215331861747e+01
-7.235839092025474883e+01
-7.236097695515749706e+01
-7.236355033027494699e+01
-7.236611111737281021e+01
-7.236865938773863149e+01
-7.237119521218590990e+01
-7.237371866105813467e+01
-7.237622980423279273e+01
-7.237872871112590190e+01
-7.238121545069375884e+01
-7.238369009144004451e+01
-7.238615270141757208e+01
-7.238860334823247911e+01
-7.239104209904805032e+01
-7.239346902058839817e+01
-7.239588417914211504e+01
-7.239828764056586863e+01
-7.240067947028855144e+01
-7.240305973331257405e+01
-7.240542849422070049e+01
-7.240778581717725615e+01
-7.241013176593210687e+01
-7.241246640382402688e+01
-7.241478979378408098e+01
-7.241710199833883621e+01
-7.241940307961367296e+01
-7.242169309933603927e+01
-7.242397211883913144e+01
-7.242624019906293142e+01
-7.242849740056054486e+01
-7.243074378349915321e+01
-7.243297940766356646e+01
-7.243520433245932111e+01
-7.243741861691557915e+01
-7.243962231968819765e+01
-7.244181549906255668e+01
-7.244399821295651520e+01
-7.244617051892376480e+01
-7.244833247415468236e+01
-7.245048413548212807e+01
-7.245262555938218441e+01
-7.245475680197752411e+01
-7.245687791903999653e+01
-7.245898896599341299e+01
-7.246108999791620420e+01
-7.246318106954399241e+01
-7.246526223527278887e+01
-7.246733354915963332e+01
-7.246939506492799410e+01
-7.247144683596837922e+01
-7.247348891534143434e+01
-7.247552135578028754e+01
-7.247754420969314992e+01
-7.247955752916564620e+01
-7.248156136596328736e+01
-7.248355577153384388e+01
-7.248554079701018793e+01
-7.248751649321080492e+01
-7.248948291064480998e+01
-7.249144009951251633e+01
-7.249338810970809277e+01
-7.249532699082189424e+01
-7.249725679214256502e+01
-7.249917756265942614e+01
-7.250108935106452179e+01
-7.250299220575492143e+01
-7.250488617483516407e+01
-7.250677130611778409e+01
-7.250864764712794397e+01
-7.251051524510384638e+01
-7.251237414699920691e+01
-7.251422439948532883e+01
-7.251606604895310682e+01
-7.251789914151507332e+01
-7.251972372300743075e+01
-7.252153983899236778e+01
-7.252334753475840046e+01
-7.252514685532483441e+01
-7.252693784544199218e+01
-7.252872054959354386e+01
-7.253049501199842553e+01
-7.253226127661268663e+01
-7.253401938713133745e+01
-7.253576938699025334e+01
-7.253751131936795105e+01
-7.253924522718776302e+01
-7.254097115311815003e+01
-7.254268913957673703e+01
-7.254439922873059743e+01
-7.254610146249831359e+01
-7.254779588255175327e+01
-7.254948253031776062e+01
-7.255116144697989000e+01
-7.255283267348008280e+01
-7.255449625052065699e+01
-7.255615221856456287e+01
-7.255780061783920587e+01
-7.255944148833661700e+01
-7.256107486981539978e+01
-7.256270080180235027e+01
-7.256431932359411974e+01
-7.256593047425862153e+01
-7.256753429263676480e+01
-7.256913081734388982e+01
-7.257072008677172903e+01
-7.257230213908846395e+01
-7.257387701224236309e+01
-7.257544474396189571e+01
-7.257700537175753652e+01
-7.257855893292324367e+01
-7.258010546453795087e+01
-7.258164500346697423e+01
-7.258317758636344763e+01
-7.258470324966975795e+01
-7.258622202961933567e+01
-7.258773396223662644e+01
-7.258923908334055852e+01
-7.259073742854455702e+01
-7.259222903325826337e+01
-7.259371393268882855e+01
-7.259519216184236257e+01
-7.259666375552515660e+01
-7.259812874834506147e+01
-7.259958717471315026e+01
-7.260103906884364733e+01
-7.260248446475723938e+01
-7.260392339628101865e+01
-7.260535589705007453e+01
-7.260678200050877251e+01
-7.260820173991196214e+01
-7.260961514832631281e+01
-7.261102225863143644e+01
-7.261242310352113805e+01
-7.261381771550499309e+01
-7.261520612690820542e+01
-7.261658836987479049e+01
-7.261796447636739060e+01
-7.261933447816882392e+01
-7.262069840688323552e+01
-7.262205629393727691e+01
-7.262340817058118603e+01
-7.262475406788998100e+01
-7.262609401676489540e+01
-7.262742804793322193e+01
-7.262875619195132515e+01
-7.263007847920447091e+01
-7.263139493990824747e+01
-7.263270560410961707e+01
-7.263401050168806705e+01
-7.263530966235659037e+01
-7.263660311566276562e+01
-7.263789089098990814e+01
-7.263917301755826372e+01
-7.264044952442495173e+01
-7.264172044048673627e+01
-7.264298579447986981e+01
-7.264424561498141486e+01
-7.264549993041023868e+01
-7.264674876902795120e+01
-7.264799215894005613e+01
-7.264923012809674674e+01
-7.265046270429400010e+01
-7.265168991517478503e+01
-7.265291178822887730e+01
-7.265412835079557397e+01
-7.265533963006342333e+01
-7.265654565307150392e+01
-7.265774644671033400e+01
-7.265894203772283788e+01
-7.266013245270519860e+01
-7.266131771810776740e+01
-7.266249786023632851e+01
-7.266367290525184330e+01
-7.266484287917296570e+01
-7.266600780787589997e+01
-7.266716771709543821e+01
-7.266832263242599765e+01
-7.266947257932231707e+01
-7.267061758310045150e+01
-7.267175766893849698e+01
-7.267289286187757114e+01
-7.267402318682280793e+01
-7.267514866854322975e+01
-7.267626933167407799e+01
-7.267738520071664254e+01
-7.267849630003928496e+01
-7.267960265387827690e+01
-7.268070428633865276e+01
-7.268180122139493449e+01
-7.268289348289194152e+01
-7.268398109454561506e+01
-7.268506407994401286e+01
-7.268614246254709599e+01
-7.268721626568904526e+01
-7.268828551257792014e+01
-7.268935022629679565e+01
-7.269041042980441603e+01
-7.269146614593601896e+01
-7.269251739740403195e+01
-7.269356420679879704e+01
-7.269460659658960822e+01
-7.269564458912445559e+01
-7.269667820663212865e+01
-7.269770747122205989e+01
-7.269873240488524857e+01
-7.269975302949491436e+01
-7.270076936680732160e+01
-7.270178143846234775e+01
-7.270278926598426494e+01
-7.270379287078237951e+01
-7.270479227415198409e+01
-7.270578749727408763e+01
-7.270677856121749016e+01
-7.270776548693849861e+01
-7.270874829528189309e+01
-7.270972700698148117e+01
-7.271070164266087943e+01
-7.271167222283406772e+01
-7.271263876790604286e+01
-7.271360129817375650e+01
-7.271455983382580257e+01
-7.271551439494439251e+01
-7.271646500150509951e+01
-7.271741167337772538e+01
-7.271835443032691160e+01
-7.271929329201272196e+01
-7.272022827799132472e+01
-7.272115940771553255e+01
-7.272208670053542789e+01
-7.272301017569922976e+01
-7.272392985235295271e+01
-7.272484574954231107e+01
-7.272575788621249160e+01
-7.272666628120890664e+01
-7.272757095327780519e+01
-7.272847192106678449e+01
-7.272936920312547215e+01
-7.273026281790600933e+01
-7.273115278376361914e+01
-7.273203911895741669e+01
-7.273292184165013907e+01
-7.273380096990986488e+01
-7.273467652170984366e+01
-7.273554851492917805e+01
-7.273641696735339224e+01
-7.273728189667494348e+01
-7.273814332049380482e+01
-7.273900125631797664e+01
-7.273985572156418300e+01
-7.274070673355765848e+01
-7.274155430953379664e+01
-7.274239846663793685e+01
-7.274323922192604641e+01
-7.274407659236523216e+01
-7.274491059483425204e+01
-7.274574124612402670e+01
-7.274656856293813689e+01
-7.274739256189329240e+01
-7.274821325952007101e+01
-7.274903067226262010e+01
-7.274984481648027668e+01
-7.275065570844733998e+01
-7.275146336435366834e+01
-7.275226780030520501e+01
-7.275306903232446132e+01
-7.275386707635098560e+01
-7.275466194824180377e+01
-7.275545366377208722e+01
-7.275624223863489703e+01
-7.275702768844274715e+01
-7.275781002872730596e+01
-7.275858927494000739e+01
-7.275936544245259086e+01
-7.276013854655749924e+01
-7.276090860246827674e+01
-7.276167562532010891e+01
-7.276243963017020633e+01
-7.276320063199841570e+01
-7.276395864570694982e+01
-7.276471368612193658e+01
-7.276546576799306365e+01
-7.276621490599420383e+01
-7.276696111472388395e+01
-7.276770440870565437e+01
-7.276844480238851531e+01
-7.276918231014737160e+01
-7.276991694628340213e+01
-7.277064872502464254e+01
-7.277137766052575785e+01
-7.277210376686940663e+01
-7.277282705806602792e+01
-7.277354754805435277e+01
-7.277426525070184482e+01
-7.277498017980508394e+01
-7.277569234909014995e+01
-7.277640177221300632e+01
-7.277710846276008283e+01
-7.277781243424799129e+01
-7.277851370012487564e+01
-7.277921227377015612e+01
-7.277990816849508349e+01
-7.278060139754306590e+01
-7.278129197409009521e+01
-7.278197991124511645e+01
-7.278266522205035471e+01
-7.278334791948171301e+01
-7.278402801644928388e+01
-7.278470552579710784e+01
-7.278538046030446651e+01
-7.278605283268554160e+01
-7.278672265559006860e+01
-7.278738994160356413e+01
