-7.082117663303654354e+01
-5.609378150644550942e+01
-4.123963049000790448e+01
2.114135651945497330e+01
4.805056160489172612e+01
5.203157499956804344e+01
5.141723893140225954e+01
3.706388237837339261e+01
2.631562539397368639e+01
1.816583570039766116e+01
1.186855067158510835e+01
6.924739848589515745e+00
2.995927489494794482e+00
-1.590868401090234641e-01
-2.718805178097732700e+00
-4.817095912250784373e+00
-6.554508432852508726e+00
-8.006920448413341163e+00
-9.232343466019974798e+00
-1.027593341704380769e+01
-1.117343191553259985e+01
-1.195345588827028038e+01
-1.263904540738838200e+01
-1.324877078394622743e+01
-1.379757697327764099e+01
-1.429746080275083386e+01
-1.475802931588446754e+01
-1.518696214703843950e+01
-1.559039407063163907e+01
-1.597322824999909940e+01
-1.633939067053934480e+01
-1.669203388625578555e+01
-1.703369999541447299e+01
-1.736644914529105677e+01
-1.769196020552494630e+01
-1.801161035938787336e+01
-1.832653640849378363e+01
-1.863768310415401075e+01
-1.894584038762423006e+01
-1.925167284046452565e+01
-1.955574255719791310e+01
-1.985852728969471670e+01
-2.016043406287370132e+01
-2.046181191139547906e+01
-2.076296051488267480e+01
-2.106413796595903776e+01
-2.136556620569220399e+01
-2.166743761513873068e+01
-2.196991874977967996e+01
-2.227315430335323043e+01
-2.257727045444260483e+01
-2.288237793226690187e+01
-2.318857430650334450e+01
-2.349594623986448383e+01
-2.380457167677950991e+01
-2.411452139629820479e+01
-2.442586058630831047e+01
-2.473865019064614401e+01
-2.505294793647305340e+01
-2.536880932688464085e+01
-2.568628845627020141e+01
-2.600543851959239561e+01
-2.632631231095539093e+01
-2.664896253024786787e+01
-2.697344179950182053e+01
-2.729980255559340563e+01
-2.762809692144058005e+01
-2.795837636897658740e+01
-2.829069130853257974e+01
-2.862509031364108480e+01
-2.896161987890231515e+01
-2.930032279571937437e+01
-2.964123819976613206e+01
-2.998440054600218119e+01
-3.032983837814942163e+01
-3.067757379560327635e+01
-3.102762165950713324e+01
-3.137998869933127466e+01
-3.173467313591547168e+01
-3.209166395493218715e+01
-3.245094078582380348e+01
-3.281247367348053245e+01
-3.317622300372880062e+01
-3.354213973406965721e+01
-3.391016574056062893e+01
-3.428023430265184146e+01
-3.465227075104022703e+01
-3.502619323998530376e+01
-3.540191361143320847e+01
-3.577933832854290586e+01
-3.615836944901251826e+01
-3.653890560500733642e+01
-3.692084296188794923e+01
-3.730407612899475112e+01
-3.768849899896574129e+01
-3.807400549546624546e+01
-3.846049021533207934e+01
-3.884784894857572368e+01
-3.923597908069850604e+01
-3.962477987094711551e+01
-4.001415260977285726e+01
-4.040400065954158038e+01
-4.079422939197453957e+01
-4.118474603229007158e+01
-4.157545942577348086e+01
-4.196627973745339801e+01
-4.235711810458968785e+01
-4.274788625169417600e+01
-4.313849609144310904e+01
-4.352885930927153169e+01
-4.391888697185853374e+01
-4.430848913572255299e+01
-4.469757448837275859e+01
-4.508605003243578579e+01
-4.547382079789422704e+01
-4.586078961364239603e+01
-4.624685692518302460e+01
-4.663192065586942192e+01
-4.701587612461040777e+01
-4.739861601605488062e+01
-4.778003039969492960e+01
-4.816000679516926652e+01
-4.853843028116568092e+01
-4.891518364650913497e+01
-4.929014757843302874e+01
-4.966320088411876554e+01
-5.003422074192691582e+01
-5.040308297841931306e+01
-5.076966236793442988e+01
-5.113383295069532153e+01
-5.149546836558869245e+01
-5.185444219594319293e+01
-5.221062832211375593e+01
-5.256390128483389645e+01
-5.291413663972667081e+01
-5.326121134542438540e+01
-5.360500412621402688e+01
-5.394539581221923186e+01
-5.428226962761544172e+01
-5.461551156085268133e+01
-5.494501081334693282e+01
-5.527066020800400281e+01
-5.559235620575573478e+01
-5.590999935980168090e+01
-5.622349462843506274e+01
-5.653275126873253242e+01
-5.683768329986668277e+01
-5.713821204969372047e+01
-5.743426098805381486e+01
-5.772576071305725520e+01
-5.801264724443057474e+01
-5.829486229333653569e+01
-5.857235336146747073e+01
-5.884507425198053454e+01
-5.911298479119965066e+01
-5.937605073792947508e+01
-5.963424398253505387e+01
-5.988754255921310943e+01
-6.013593057489809013e+01
-6.037939814220474943e+01
-6.061794130765852628e+01
-6.085156194690677012e+01
-6.108026765359541344e+01
-6.130407160433522762e+01
-6.152299239791415175e+01
-6.173705388054075627e+01
-6.194628496018513175e+01
-6.215071940664812900e+01
-6.235039563963107412e+01
-6.254535650493364329e+01
-6.273564904399122355e+01
-6.292132425597664280e+01
-6.310243685479477449e+01
-6.327904502142120435e+01
-6.345121015457987568e+01
-6.361899662012123713e+01
-6.378247150112586894e+01
-6.394170434928599178e+01
-6.409676693942240888e+01
-6.424773302770879013e+01
-6.439467811505744521e+01
-6.453767921599015267e+01
-6.467681463462251656e+01
-6.481216374719423357e+01
-6.494380679362427600e+01
-6.507182467594250852e+01
-6.519629876780986422e+01
-6.531731073012331024e+01
-6.543494233934475801e+01
-6.554927532200655094e+01
-6.566039120278695407e+01
-6.576837115948760015e+01
-6.587329588805953051e+01
-6.597524547751065427e+01
-6.607429929459401308e+01
-6.617053587758125843e+01
-6.626403283895714935e+01
-6.635486677683874746e+01
-6.644311319506390134e+01
-6.652884643142432708e+01
-6.661213959382391181e+01
-6.669306450389990459e+01
-6.677169164782885957e+01
-6.684809013401454081e+01
-6.692232765717149334e+01
-6.699447046856887766e+01
-6.706458335195574705e+01
-6.713272960486226282e+01
-6.719897102495374952e+01
-6.726336790099723828e+01
-6.732597900825578563e+01
-6.738686160776848055e+01
-6.744607144939116949e+01
-6.750366277818778826e+01
-6.755968834391285327e+01
-6.761419941332755457e+01
-6.766724578500216580e+01
-6.771887580645102389e+01
-6.776913639328232364e+01
-6.781807305016701548e+01
-6.786572989343835616e+01
-6.791214967505165134e+01
-6.795737380780293790e+01
-6.800144239154499815e+01
-6.804439424031882311e+01
-6.808626691018358201e+01
-6.812709672763168101e+01
-6.816691881848200296e+01
-6.820576713707318106e+01
-6.824367449571721522e+01
-6.828067259425722568e+01
-6.831679204965762153e+01
-6.835206242556732548e+01
-6.838651226172817132e+01
-6.842016910322438150e+01
-6.845305952944754324e+01
-6.848520918278356362e+01
-6.851664279692523962e+01
-6.854738422478784798e+01
-6.857745646600739065e+01
-6.860688169394452984e+01
-6.863568128221920972e+01
-6.866387583070823553e+01
-6.869148519100437511e+01
-6.871852849133503582e+01
-6.874502416088836299e+01
-6.877098995358447553e+01
-6.879644297123554963e+01
-6.882139968613614656e+01
-6.884587596304358215e+01
-6.886988708056146891e+01
-6.889344775194381043e+01
-6.891657214528515851e+01
-6.893927390314233605e+01
-6.896156616155907670e+01
-6.898346156851434330e+01
-6.900497230181370867e+01
-6.902611008640079149e+01
-6.904688621113632507e+01
-6.906731154501542846e+01
-6.908739655287085668e+01
-6.910715131054300286e+01
-6.912658551954035602e+01
-6.914570852121237010e+01
-6.916452931041906993e+01
-6.918305654874212962e+01
-6.920129857722238853e+01
-6.921926342864713888e+01
-6.923695883940921192e+01
-6.925439226092468914e+01
-6.927157087065215535e+01
-6.928850158269506210e+01
-6.930519105802869717e+01
-6.932164571433915512e+01
-6.933787173549609406e+01
-6.935387508068023976e+01
-6.936966149315361463e+01
-6.938523650871131565e+01
-6.940060546380291839e+01
-6.941577350334355856e+01
-6.943074558823374787e+01
-6.944552650257639925e+01
-6.946012086062719959e+01
-6.947453311346647808e+01
-6.948876755541087391e+01
-6.950282833018196982e+01
-6.951671943682099197e+01
-6.953044473538275838e+01
-6.954400795239246236e+01
-6.955741268609772021e+01
-6.957066241150411656e+01
-6.958376048521057555e+01
-6.959671015005895356e+01
-6.960951453958668367e+01
-6.962217668231166101e+01
-6.963469950583785817e+01
-6.964708584079581044e+01
-6.965933842463128656e+01
-6.967145990523050614e+01
-6.968345284440979981e+01
-6.969531972125311370e+01
-6.970706293532437314e+01
-6.971868480974269744e+01
-6.973018759413290013e+01
-6.974157346746231667e+01
-6.975284454075271867e+01
-6.976400285969124582e+01
-6.977505040712864570e+01
-6.978598910547576395e+01
-6.979682081900847379e+01
-6.980754735606917905e+01
-6.981817047118850894e+01
-6.982869186711059228e+01
-6.983911319674477625e+01
-6.984943606503158264e+01
-6.985966203073269298e+01
-6.986979260815363091e+01
-6.987982926878771650e+01
-6.988977344290130134e+01
-6.989962652104895824e+01
-6.990938985552693907e+01
-6.991906476177300078e+01
-6.992865251970108886e+01
-6.993815437499048926e+01
-6.994757154031404411e+01
-6.995690519652458761e+01
-6.996615649378803425e+01
-6.997532655267058033e+01
-6.998441646518723758e+01
-6.999342729580034472e+01
-7.000236008238545082e+01
-7.001121583715325869e+01
-7.001999554753476218e+01
-7.002870017703556016e+01
-7.003733066604883106e+01
-7.004588793264353797e+01
-7.005437287331349694e+01
-7.006278636370385016e+01
-7.007112925930401559e+01
-7.007940239611302502e+01
-7.008760659128343207e+01
-7.009574264373283370e+01
-7.010381133473819659e+01
-7.011181342850240128e+01
-7.011974967269860315e+01
-7.012762079899785306e+01
-7.013542752356954679e+01
-7.014317054756955372e+01
-7.015085055760246746e+01
-7.015846822617255896e+01
-7.016602421211321428e+01
-7.017351916099970310e+01
-7.018095370555084855e+01
-7.018832846600868436e+01
-7.019564405051045242e+01
-7.020290105544204096e+01
-7.021010006577841978e+01
-7.021724165541537843e+01
-7.022432638748271927e+01
-7.023135481465243402e+01
-7.023832747942896049e+01
-7.024524491443492025e+01
-7.025210764268216224e+01
-7.025891617783329934e+01
-7.026567102445730484e+01
-7.027237267827040057e+01
-7.027902162637377614e+01
-7.028561834747921466e+01
-7.029216331212664670e+01
-7.029865698289766840e+01
-7.030509981461614188e+01
-7.031149225454751672e+01
-7.031783474258546107e+01
-7.032412771143744123e+01
-7.033037158680039624e+01
-7.033656678753027336e+01
-7.034271372580946036e+01
-7.034881280730323283e+01
-7.035486443131618728e+01
-7.036086899093999136e+01
-7.036682687319623142e+01
-7.037273845917796677e+01
-7.037860412418156386e+01
-7.038442423783962454e+01
-7.039019916424427947e+01
-7.039592926207144785e+01
-7.040161488469789219e+01
-7.040725638031459255e+01
-7.041285409203970858e+01
-7.041840835802318566e+01
-7.042391951155305208e+01
-7.042938788115502291e+01
-7.043481379068933279e+01
-7.044019755944745498e+01
-7.044553950224157290e+01
-7.045083992949595597e+01
-7.045609914733104517e+01
-7.046131745764931509e+01
-7.046649515821587784e+01
-7.047163254273652910e+01
-7.047672990093661838e+01
-7.048178751863322589e+01
-7.048680567780962747e+01
-7.049178465668475724e+01
-7.049672472978087967e+01
-7.050162616799190118e+01
-7.050648923864595474e+01
-7.051131420557007345e+01
-7.051610132915067197e+01
-7.052085086639216627e+01
-7.052556307097684396e+01
-7.053023819331907873e+01
-7.053487648062238691e+01
-7.053947817693071443e+01
-7.054404352318240967e+01
-7.054857275726007515e+01
-7.055306611403929651e+01
-7.055752382543856527e+01
-7.056194612046417092e+01
-7.056633322525776464e+01
-7.057068536314018559e+01
-7.057500275465429240e+01
-7.057928561760908792e+01
-7.058353416711921113e+01
-7.058774861564731395e+01
-7.059192917304146420e+01
-7.059607604657550439e+01
-7.060018944098567317e+01
-7.060426955850684294e+01
-7.060831659890980916e+01
-7.061233075953454374e+01
-7.061631223532596380e+01
-7.062026121886661656e+01
-7.062417790040871068e+01
-7.062806246790751175e+01
-7.063191510705082976e+01
-7.063573600129119257e+01
-7.063952533187389804e+01
-7.064328327786772377e+01
-7.064701001619273768e+01
-7.065070572164752605e+01
-7.065437056693794204e+01
-7.065800472270210264e+01
-7.066160835753792924e+01
-7.066518163802807351e+01
-7.066872472876424638e+01
-7.067223779237311021e+01
-7.067572098953863247e+01
-7.067917447902705419e+01
-7.068259841770827734e+01
-7.068599296057965375e+01
-7.068935826078740092e+01
-7.069269446964756298e+01
-7.069600173666842124e+01
-7.069928020956955095e+01
-7.070253003430345018e+01
-7.070575135507473874e+01
-7.070894431435898753e+01
-7.071210905292299742e+01
-7.071524570984196600e+01
-7.071835442251915538e+01
-7.072143532670231991e+01
-7.072448855650243615e+01
-7.072751424441034374e+01
-7.073051252131300259e+01
-7.073348351651110022e+01
-7.073642735773394463e+01
-7.073934417115630424e+01
-7.074223408141347136e+01
-7.074509721161588516e+01
-7.074793368336517574e+01
-7.075074361676738022e+01
-7.075352713044856046e+01
-7.075628434156749336e+01
-7.075901536583043594e+01
-7.076172031750405722e+01
-7.076439930942819956e+01
-7.076705245302980529e+01
-7.076967985833425701e+01
-7.077228163397887784e+01
-7.077485788722452753e+01
-7.077740872396708482e+01
-7.077993424875000983e+01
-7.078243456477463269e+01
-7.078490977391237493e+01
-7.078735997671459756e+01
-7.078978527242418295e+01
-7.079218575898565291e+01
-7.079456153305490318e+01
-7.079691269001024523e+01
-7.079923932396114594e+01
-7.080154152775864418e+01
-7.080381939300445993e+01
-7.080607301005976240e+01
-7.080830246805498973e+01
-7.081050785489763655e+01
-7.081268925728187469e+01
-7.081484676069595707e+01
-7.081698044943127002e+01
-7.081909040658989340e+01
