-6.766513855765053620e+01
-5.294518974578743098e+01
-3.765269281087253717e+01
2.592398272844808105e+01
4.477422905529313368e+01
4.891865982807740210e+01
4.897258475838253133e+01
3.507764394439129063e+01
2.452143351853689879e+01
1.645675040913775433e+01
1.021804838647297764e+01
5.336853603178584926e+00
1.477407419226437257e+00
-1.609127059553294270e+00
-4.108968041516694925e+00
-6.160246616182337931e+00
-7.864619745169970422e+00
-9.297297969650429650e+00
-1.051495135023227689e+01
-1.156128580680451101e+01
-1.247069129501485918e+01
-1.327057767884269168e+01
-1.398292244146031571e+01
-1.462536929974588773e+01
-1.521206634414595626e+01
-1.575433669411346926e+01
-1.626122747445182881e+01
-1.673996128694477648e+01
-1.719630533986504162e+01
-1.763487119130268255e+01
-1.805935561871969952e+01
-1.847273230166635827e+01
-1.887740345269329723e+01
-1.927531977193286039e+01
-1.966807307976693053e+01
-2.005697001757214792e+01
-2.044308912496850894e+01
-2.082732511433775002e+01
-2.121042411324765453e+01
-2.159301127033118206e+01
-2.197561248485947161e+01
-2.235867222780111874e+01
-2.274256752930024206e+01
-2.312761953117437486e+01
-2.351410313583973632e+01
-2.390225487114177483e+01
-2.429227951341576741e+01
-2.468435529071463819e+01
-2.507863889401966162e+01
-2.547526906502196908e+01
-2.587436922334564926e+01
-2.627605041968182675e+01
-2.668041210579109190e+01
-2.708754423765736163e+01
-2.749752686149944481e+01
-2.791043050108832446e+01
-2.832631570899491535e+01
-2.874523211214667739e+01
-2.916721742122115302e+01
-2.959229563116508288e+01
-3.002047618684329677e+01
-3.045175226634946597e+01
-3.088609936084113627e+01
-3.132347377493185547e+01
-3.176381261854972493e+01
-3.220703274420182538e+01
-3.265303108566229895e+01
-3.310168523164949761e+01
-3.355285398738298142e+01
-3.400637905622546242e+01
-3.446208679375957473e+01
-3.491979041284099594e+01
-3.537929230025389415e+01
-3.584038647046423165e+01
-3.630286124809426695e+01
-3.676650163901391011e+01
-3.723109172325506933e+01
-3.769641668730712070e+01
-3.816226480450628600e+01
-3.862842882461806937e+01
-3.909470746850867329e+01
-3.956090574135328097e+01
-4.002683572972232184e+01
-4.049231680111673626e+01
-4.095717533427031753e+01
-4.142124455928360760e+01
-4.188436381844852008e+01
-4.234637793364151293e+01
-4.280713631924957951e+01
-4.326649206963315208e+01
-4.372430098532796450e+01
-4.418042061355285455e+01
-4.463470931956757681e+01
-4.508702541584428047e+01
-4.553722638067925033e+01
-4.598516817271404733e+01
-4.643070466842102206e+01
-4.687368722366550600e+01
-4.731396437117675902e+01
-4.775138163082772991e+01
-4.818578149940624655e+01
-4.861700352591400787e+01
-4.904488450770415398e+01
-4.946925874328373851e+01
-4.988995859776038344e+01
-5.030681499680986946e+01
-5.071965793022728519e+01
-5.112831695109577623e+01
-5.153262202556191340e+01
-5.193240432882861057e+01
-5.232749695524054090e+01
-5.271773562601320862e+01
-5.310295945274624785e+01
-5.348301185523153833e+01
-5.385774125859749262e+01
-5.422700187014753226e+01
-5.459065415333144244e+01
-5.494856544705849899e+01
-5.530061101285380687e+01
-5.564667453282469012e+01
-5.598664817473015631e+01
-5.632043328455153386e+01
-5.664794103547126980e+01
-5.696909244467432387e+01
-5.728381848948924926e+01
-5.759206036000429663e+01
-5.789377012166107050e+01
-5.818891049568961193e+01
-5.847745444399830461e+01
-5.875938545907202126e+01
-5.903469747613239349e+01
-5.930339462582649901e+01
-5.956549099848245987e+01
-5.982101036984822429e+01
-6.006998589448793524e+01
-6.031245974265852539e+01
-6.054848273792668323e+01
-6.077811391731103896e+01
-6.100142024365424476e+01
-6.121847558241744736e+01
-6.142936060840563073e+01
-6.163416242544736434e+01
-6.183297385805266089e+01
-6.202589327152598742e+01
-6.221302355534930228e+01
-6.239447211318925923e+01
-6.257035013225667797e+01
-6.274077191044303703e+01
-6.290585462735131017e+01
-6.306571784839254491e+01
-6.322048304988236112e+01
-6.337027321367324362e+01
-6.351521242326106176e+01
-6.365542548605862549e+01
-6.379103754963195883e+01
-6.392217377535151712e+01
-6.404895904464071066e+01
-6.417151764883081455e+01
-6.428997300874591758e+01
-6.440444744206384087e+01
-6.451506194438526620e+01
-6.462193594281654896e+01
-6.472518711432039140e+01
-6.482493125871333461e+01
-6.492128216552903552e+01
-6.501435146488849171e+01
-6.510424849760740074e+01
-6.519108020931044223e+01
-6.527495109274380525e+01
-6.535596318996056198e+01
-6.543421604674462344e+01
-6.550980669860378214e+01
-6.558282925197157454e+01
-6.565337517656789146e+01
-6.572153342073785609e+01
-6.578739032933940223e+01
-6.585102960026523533e+01
-6.591253228687209287e+01
-6.597197683856298056e+01
-6.602943914589080521e+01
-6.608499257038307917e+01
-6.613870798964147468e+01
-6.619065384026912113e+01
-6.624089615993764824e+01
-6.628949863332672976e+01
-6.633652264646906360e+01
-6.638202734402558747e+01
-6.642606968525164746e+01
-6.646870449935137515e+01
-6.650998454245895175e+01
-6.654996055647151820e+01
-6.658868132834847131e+01
-6.662619374898811486e+01
-6.666254287164937864e+01
-6.669777197021188897e+01
-6.673192259719195363e+01
-6.676503464110795960e+01
-6.679714638300386298e+01
-6.682829455200709390e+01
-6.685851437996328173e+01
-6.688783965502560136e+01
-6.691630277410783378e+01
-6.694393479413767523e+01
-6.697076548203250468e+01
-6.699682336342313249e+01
-6.702213577005767320e+01
-6.704672888587410284e+01
-6.707062779173844547e+01
-6.709385650880844310e+01
-6.711643804056802765e+01
-6.713839441349372805e+01
-6.715974671639845894e+01
-6.718051513843623468e+01
-6.720071900579739577e+01
-6.722037681712363622e+01
-6.723950627763547061e+01
-6.725812433203087437e+01
-6.727624719615322135e+01
-6.729389038746747076e+01
-6.731106875438257475e+01
-6.732779650442461161e+01
-6.734408723132193586e+01
-6.735995394100211797e+01
-6.737540907656153877e+01
-6.739046454221545446e+01
-6.740513172626975802e+01
-6.741942152315412784e+01
-6.743334435452646858e+01
-6.744691018950479133e+01
-6.746012856403638125e+01
-6.747300859944313345e+01
-6.748555902017862707e+01
-6.749778817080890292e+01
-6.750970403226763494e+01
-6.752131423739011495e+01
-6.753262608577465187e+01
-6.754364655798083561e+01
-6.755438232909740748e+01
-6.756483978171056037e+01
-6.757502501828130903e+01
-6.758494387297359651e+01
-6.759460192294058345e+01
-6.760400449909759857e+01
-6.761315669640778481e+01
-6.762206338368746117e+01
-6.763072921296742379e+01
-6.763915862841241733e+01
-6.764735587483296797e+01
-6.765532500579443820e+01
-6.766306989134552907e+01
-6.767059422538689262e+01
-6.767790153268373388e+01
-6.768499517555137857e+01
-6.769187836021686167e+01
-6.769855414287496842e+01
-6.770502543545543972e+01
-6.771129501110446824e+01
-6.771736550940448751e+01
-6.772323944133202644e+01
-6.772891919397542893e+01
-6.773440703501492521e+01
-6.773970511697812924e+01
-6.774481548128414943e+01
-6.774974006207739308e+01
-6.775448068986948158e+01
-6.775903909498958910e+01
-6.776341691085501395e+01
-6.776761567707143286e+01
-6.777163684236430186e+01
-6.777548176735527363e+01
-6.777915172718461179e+01
-6.778264791398792966e+01
-6.778597143923576596e+01
-6.778912333593588357e+01
-6.779210456071021440e+01
-6.779491599574551230e+01
-6.779755845062786079e+01
-6.780003266406144746e+01
-6.780233930547782961e+01
-6.780447897654082112e+01
-6.780645221254766852e+01
-6.780825948373407641e+01
-6.780990119648311065e+01
-6.781137769444303842e+01
-6.781268925955751570e+01
-6.781383611300894643e+01
-6.781481841608021455e+01
-6.781563627093494517e+01
-6.781628972132068611e+01
-6.781677875319540760e+01
-6.781710329528048931e+01
-6.781726321954177195e+01
-6.781725834159992417e+01
-6.781708842107236990e+01
-6.781675316184758628e+01
-6.781625221229353428e+01
-6.781558516540097514e+01
-6.781475155886309381e+01
-6.781375087509177035e+01
-6.781258254117210527e+01
-6.781124592875463009e+01
-6.780974035388702248e+01
-6.780806507678514095e+01
-6.780621930154288179e+01
-6.780420217578311792e+01
-6.780201279024700511e+01
-6.779965017832412855e+01
-6.779711331552219633e+01
-6.779440111887498688e+01
-6.779151244629092332e+01
-6.778844609583805436e+01
-6.778520080496905109e+01
-6.778177524968090495e+01
-6.777816804361241054e+01
-6.777437773707698909e+01
-6.777040281602742766e+01
-6.776624170095684008e+01
-6.776189274572764987e+01
-6.775735423633291532e+01
-6.775262438958624500e+01
-6.774770135173575625e+01
-6.774258319700666675e+01
-6.773726792606258584e+01
-6.773175346439161615e+01
-6.772603766060660746e+01
-6.772011828466402505e+01
-6.771399302599617442e+01
-6.770765949155050123e+01
-6.770111520374119607e+01
-6.769435759829991639e+01
-6.768738402203082671e+01
-6.768019173046313597e+01
-6.767277788539324490e+01
