-7.296935881229754273e+01
-5.817207933214935878e+01
-4.331545493145350889e+01
1.334801052715476288e+01
5.056432119941759851e+01
5.475442532015373587e+01
5.377790142432287013e+01
3.908827811461835466e+01
2.812353448960757518e+01
1.981329862717901946e+01
1.336495589146981544e+01
8.267839857651228641e+00
4.189159444437561497e+00
8.969777706031785147e-01
-1.780319278962065210e+00
-3.973335672247405803e+00
-5.782099595800037406e+00
-7.283460777253317531e+00
-8.537032925841270270e+00
-9.589778161869055850e+00
-1.047927159584436474e+01
-1.123591220499959498e+01
-1.188442559119279807e+01
-1.244493265897521894e+01
-1.293377311022457654e+01
-1.336417127701218632e+01
-1.374679590047114708e+01
-1.409023409475395106e+01
-1.440138853935966523e+01
-1.468581051266628812e+01
-1.494797194704669430e+01
-1.519148813419846711e+01
-1.541929437296876415e+01
-1.563378986073395360e+01
-1.583694887727329537e+01
-1.603041016986348666e+01
-1.621554465228065922e+01
-1.639350966112567676e+01
-1.656529080737376702e+01
-1.673173385520894385e+01
-1.689357017594443278e+01
-1.705143644084387233e+01
-1.720588994888913348e+01
-1.735742069789608522e+01
-1.750646125705402056e+01
-1.765339457722355831e+01
-1.779856014371192074e+01
-1.794225962947496100e+01
-1.808476092476704267e+01
-1.822630215653680352e+01
-1.836709481154828438e+01
-1.850732662404826101e+01
-1.864716399965105254e+01
-1.878675411359216696e+01
-1.892622702170861260e+01
-1.906569725715846531e+01
-1.920526553461451869e+01
-1.934502023192964160e+01
-1.948503849447800462e+01
-1.962538743004661868e+01
-1.976612522343468115e+01
-1.990730213262789050e+01
-2.004896128668533350e+01
-2.019113957144610438e+01
-2.033386821414327272e+01
-2.047717350799877778e+01
-2.062107747971288774e+01
-2.076559826809172193e+01
-2.091075072725199391e+01
-2.105654680892821773e+01
-2.120299596133238040e+01
-2.135010551045137461e+01
-2.149788095619338435e+01
-2.164632626525621717e+01
-2.179544413791287383e+01
-2.194523624162602715e+01
-2.209570341976598229e+01
-2.224684588108591754e+01
-2.239866337101430815e+01
-2.255115532528188993e+01
-2.270432100765460959e+01
-2.285815963359813807e+01
-2.301267048099652968e+01
-2.316785299070585324e+01
-2.332370685738942484e+01
-2.348023210991352983e+01
-2.363742918315130481e+01
-2.379529898483690786e+01
-2.395384295453170864e+01
-2.411306311646081113e+01
-2.427296212658948704e+01
-2.443354331548925273e+01
-2.459481072708154414e+01
-2.475676915322587490e+01
-2.491942416345812816e+01
-2.508278213149707980e+01
-2.524685025903053059e+01
-2.541163659631288496e+01
-2.557715005892243809e+01
-2.574340044116615189e+01
-2.591039842713775698e+01
-2.607815559905093750e+01
-2.624668444227503983e+01
-2.641599834601511176e+01
-2.658611160132501894e+01
-2.675703939693399391e+01
-2.692879781121929739e+01
-2.710140379906270169e+01
-2.727487517565494457e+01
-2.744923059677253008e+01
-2.762448953491193748e+01
-2.780067225044212265e+01
-2.797779975847463518e+01
-2.815589379084435606e+01
-2.833497675354495371e+01
-2.851507167893170802e+01
-2.869620217256658989e+01
-2.887839235481227362e+01
-2.906166679719377299e+01
-2.924605045339722409e+01
-2.943156858455243352e+01
-2.961824667957671764e+01
-2.980611036999211905e+01
-2.999518534000928938e+01
-3.018549723177725141e+01
-3.037707154633188722e+01
-3.056993354031697407e+01
-3.076410811891354058e+01
-3.095961972695802444e+01
-3.115649223738233786e+01
-3.135474883770782739e+01
-3.155441191631487285e+01
-3.175550294867415957e+01
-3.195804238504697636e+01
-3.216204954021245044e+01
-3.236754248628447073e+01
-3.257453794974275496e+01
-3.278305121373022502e+01
-3.299309602656350648e+01
-3.320468451742068794e+01
-3.341782711982174447e+01
-3.363253250445134057e+01
-3.384880752104867696e+01
-3.406665715062913335e+01
-3.428608446816674871e+01
-3.450709061623694396e+01
-3.472967478923255413e+01
-3.495383422799395134e+01
-3.517956422625633195e+01
-3.540685814642703377e+01
-3.563570744525568301e+01
-3.586610170784616969e+01
-3.609802869005925885e+01
-3.633147436797770524e+01
-3.656642299331033286e+01
-3.680285715360519561e+01
-3.704075783617072659e+01
-3.728010449457891440e+01
-3.752087511664664277e+01
-3.776304629245597511e+01
-3.800659328221631483e+01
-3.825149008196844846e+01
-3.849770948714258623e+01
-3.874522315296040631e+01
-3.899400165118058226e+01
-3.924401452291650827e+01
-3.949523032692797386e+01
-3.974761668327791853e+01
-4.000114031302769035e+01
-4.025576707390268183e+01
-4.051146199125679459e+01
-4.076818928555099575e+01
-4.102591239660016242e+01
-4.128459400503565746e+01
-4.154419605142634708e+01
-4.180467975354833499e+01
-4.206600562237823482e+01
-4.232813347735897480e+01
-4.259102246106811407e+01
-4.285463105456153698e+01
-4.311891709261708883e+01
-4.338383778003936442e+01
-4.364934970898237054e+01
-4.391540887745915001e+01
-4.418197070922545322e+01
-4.444899007473006947e+01
-4.471642131477707949e+01
-4.498421826362643117e+01
-4.525233427409607145e+01
-4.552072224442580506e+01
-4.578933464557094624e+01
-4.605812354914232998e+01
-4.632704065593122067e+01
-4.659603732484885086e+01
-4.686506460217349002e+01
-4.713407325057890063e+01
-4.740301377809936412e+01
-4.767183646631674776e+01
-4.794049139887268041e+01
-4.820892848858522939e+01
-4.847709750436133902e+01
-4.874494809599854506e+01
-4.901242982363314837e+01
-4.927949217954795813e+01
-4.954608460935270386e+01
-4.981215653561503132e+01
-5.007765738894493524e+01
-5.034253662355214232e+01
-5.060674373897656153e+01
-5.087022830314425192e+01
-5.113293997568941052e+01
-5.139482852771222099e+01
-5.165584386364472635e+01
-5.191593604428698683e+01
-5.217505531142145259e+01
-5.243315210564396978e+01
-5.269017710576603264e+01
-5.294608125033177259e+01
-5.320081573813044429e+01
-5.345433207838092216e+01
-5.370658209806590122e+01
-5.395751801447548957e+01
-5.420709245969922563e+01
-5.445525847900947980e+01
-5.470196956526235255e+01
-5.494717972352152913e+01
-5.519084350459124266e+01
-5.543291600596208468e+01
-5.567335292832449056e+01
-5.591211059894752111e+01
-5.614914610451444332e+01
-5.638441726682369648e+01
-5.661788265124855712e+01
-5.684950163100609899e+01
-5.707923445875388069e+01
-5.730704231237957913e+01
-5.753288729195302409e+01
-5.775673247709796243e+01
-5.797854195764403329e+01
-5.819828100325037212e+01
-5.841591599793925127e+01
-5.863141445200930946e+01
-5.884474507834851664e+01
-5.905587784661523187e+01
-5.926478402069024298e+01
-5.947143619032916462e+01
-5.967580830217307408e+01
-5.987787569325582382e+01
-6.007761512839401519e+01
-6.027500482723225161e+01
-6.047002448746194858e+01
-6.066265530599199707e+01
-6.085288000128083752e+01
-6.104068283454370203e+01
-6.122604962358771985e+01
-6.140896775562557508e+01
-6.158942619359584825e+01
-6.176741548145451333e+01
-6.194292774862420714e+01
-6.211595670932199909e+01
-6.228649765798756022e+01
-6.245454746149228242e+01
-6.262010454914266688e+01
-6.278316889927760514e+01
-6.294374202276526375e+01
-6.310182694306524809e+01
-6.325742817409371810e+01
-6.341055169473145980e+01
-6.356120492112596310e+01
-6.370939667601290068e+01
-6.385513715611240571e+01
-6.399843789664729599e+01
-6.413931173461391211e+01
-6.427777276894916270e+01
-6.441383632045852892e+01
-6.454751888796032233e+01
-6.467883810655087018e+01
-6.480781269906356101e+01
-6.493446243214987135e+01
-6.505880806834454688e+01
-6.518087131630721842e+01
-6.530067478402978054e+01
-6.541824193235710538e+01
-6.553359702378449470e+01
-6.564676507129389904e+01
-6.575777178860802508e+01
-6.586664354222580187e+01
-6.597340730461630187e+01
-6.607809060299938153e+01
-6.618072146538321476e+01
-6.628132838679674421e+01
-6.637994027294978139e+01
-6.647658639829430172e+01
-6.657129635816015423e+01
-6.666410003213651692e+01
-6.675502753872726203e+01
-6.684410919216331592e+01
-6.693137546181635855e+01
-6.701685693864074267e+01
-6.710058429075442632e+01
-6.718258822580712319e+01
-6.726289946187087310e+01
-6.734154869801501775e+01
-6.741856658013190895e+01
-6.749398366757709766e+01
-6.756783040410384444e+01
-6.764013709208597902e+01
-6.771093386738500897e+01
-6.778025067440800910e+01
-6.784811724244798370e+01
-6.791456306402517384e+01
-6.797961737489532652e+01
-6.804330913521475566e+01
-6.810566701178562710e+01
-6.816671936170773449e+01
-6.822649421724840124e+01
-6.828501927205974198e+01
-6.834232186853114399e+01
-6.839842898625369116e+01
-6.845336723159577730e+01
-6.850716282836661719e+01
-6.855984160952822037e+01
-6.861142900983000459e+01
-6.866195005950363850e+01
-6.871142937874488155e+01
-6.875989117312425947e+01
-6.880735922981159547e+01
-6.885385691458331792e+01
-6.889940716957302413e+01
-6.894403251172735736e+01
-6.898775503192926806e+01
-6.903059639475981157e+01
-6.907257783880351099e+01
-6.911372017760601238e+01
-6.915404380105771054e+01
-6.919356867731163163e+01
-6.923231435514581733e+01
-6.927029996674855283e+01
-6.930754423089624083e+01
-6.934406545649342490e+01
-6.937988154644671113e+01
-6.941501000185333226e+01
-6.944946792643060007e+01
-6.948327203128090446e+01
-6.951643863980858384e+01
-6.954898369288578408e+01
-6.958092275419772932e+01
-6.961227101575475729e+01
-6.964304330355153638e+01
-6.967325408335511838e+01
-6.970291746661069965e+01
-6.973204721640854586e+01
-6.976065675359720331e+01
-6.978875916289345582e+01
-6.981636719907685062e+01
-6.984349329321476318e+01
-6.987014955891292800e+01
-6.989634779858000968e+01
-6.992209950969566989e+01
-6.994741589107238156e+01
-6.997230784910715329e+01
-6.999678600398118533e+01
-7.002086069588408179e+01
-7.004454199114235280e+01
-7.006783968833046572e+01
-7.009076332432448453e+01
-7.011332218029804153e+01
-7.013552528765593763e+01
-7.015738143390045423e+01
-7.017889916843120091e+01
-7.020008680824557246e+01
-7.022095244360959043e+01
-7.024150394359828908e+01
-7.026174896157669991e+01
-7.028169494058948885e+01
-7.030134911866228720e+01
-7.032071853401315309e+01
-7.033981003017247247e+01
-7.035863026101037576e+01
-7.037718569567481097e+01
-7.039548262341440932e+01
-7.041352715834881337e+01
-7.043132524410182782e+01
-7.044888265836065955e+01
-7.046620501733579545e+01
-7.048329778012613644e+01
-7.050016625298955830e+01
-7.051681559351948181e+01
-7.053325081472804925e+01
-7.054947678904009933e+01
-7.056549825217695115e+01
-7.058131980698593111e+01
-7.059694592714289740e+01
-7.061238096078420767e+01
-7.062762913404699816e+01
-7.064269455452281932e+01
-7.065758121462562258e+01
-7.067229299487557626e+01
-7.068683366710307325e+01
-7.070120689755475496e+01
-7.071541624995214192e+01
-7.072946518843851038e+01
-7.074335708046478999e+01
-7.075709519959613658e+01
-7.077068272824402584e+01
-7.078412276032513262e+01
-7.079741830384874390e+01
-7.081057228343382803e+01
-7.082358754276046398e+01
-7.083646684693925977e+01
-7.084921288484457591e+01
-7.086182827135381501e+01
-7.087431554953862189e+01
-7.088667719279182222e+01
-7.089891560689416394e+01
-7.091103313202260949e+01
-7.092303204470142930e+01
-7.093491455970000459e+01
-7.094668283186297231e+01
-7.095833895791400892e+01
-7.096988497818087183e+01
-7.098132287828349263e+01
-7.099265459077031437e+01
-7.100388199670641143e+01
-7.101500692721512564e+01
-7.102603116497425617e+01
-7.103695644566792566e+01
-7.104778445939776077e+01
-7.105851685203994350e+01
-7.106915522658607642e+01
-7.107970114441968690e+01
-7.109015612656641281e+01
-7.110052165490429843e+01
-7.111079917333752576e+01
-7.112099008893467555e+01
-7.113109577303245601e+01
-7.114111756230605010e+01
-7.115105675980899491e+01
-7.116091463597035727e+01
-7.117069242958351083e+01
-7.118039134874260299e+01
-7.119001257176145714e+01
-7.119955724806189323e+01
-7.120902649903476345e+01
-7.121842141887464095e+01
-7.122774307538854544e+01
-7.123699251078191708e+01
-7.124617074240985914e+01
-7.125527876352579426e+01
-7.126431754398643648e+01
-7.127328803094492571e+01
-7.128219114952065638e+01
-7.129102780344803136e+01
-7.129979887570527808e+01
-7.130850522912341205e+01
-7.131714770697647054e+01
-7.132572713355516214e+01
-7.133424431471293303e+01
-7.134270003841434971e+01
-7.135109507524697392e+01
-7.135943017892704177e+01
-7.136770608678722283e+01
-7.137592352024924480e+01
-7.138408318528165353e+01
-7.139218577284334799e+01
-7.140023195931311761e+01
-7.140822240690766876e+01
-7.141615776407739702e+01
-7.142403866590791495e+01
-7.143186573449098375e+01
-7.143963957929278763e+01
-7.144736079750894930e+01
-7.145502997440836168e+01
-7.146264768366637554e+01
-7.147021448768744278e+01
-7.147773093791948895e+01
-7.148519757514993955e+01
-7.149261492980939181e+01
-7.149998352224896792e+01
-7.150730386301752617e+01
-7.151457645312834188e+01
-7.152180178431767388e+01
-7.152898033929527344e+01
-7.153611259198694938e+01
-7.154319900776975771e+01
-7.155024004370149271e+01
-7.155723614873495819e+01
-7.156418776394163217e+01
-7.157109532271249464e+01
-7.157795925096063172e+01
-7.158477996731586757e+01
-7.159155788331361236e+01
-7.159829340357767080e+01
-7.160498692599759352e+01
-7.161163884190206375e+01
-7.161824953621945156e+01
-7.162481938764834410e+01
-7.163134876880812385e+01
-7.163783804639226105e+01
-7.164428758131548136e+01
-7.165069772885651389e+01
-7.165706883879650491e+01
-7.166340125555316831e+01
-7.166969531831097129e+01
-7.167595136114881882e+01
-7.168216971315676744e+01
-7.168835069856338293e+01
-7.169449463684520651e+01
-7.170060184284002958e+01
-7.170667262685532251e+01
-7.171270729477345185e+01
-7.171870614815381373e+01
-7.172466948433196876e+01
-7.173059759651575007e+01
-7.173649077388010653e+01
-7.174234930165216895e+01
-7.174817346120744332e+01
-7.175396353014977535e+01
-7.175971978239564919e+01
-7.176544248825474881e+01
-7.177113191450814611e+01
-7.177678832448427215e+01
-7.178241197813272834e+01
-7.178800313209721651e+01
-7.179356203978008466e+01
-7.179908895141768710e+01
-7.180458411414102216e+01
-7.181004777204088896e+01
-7.181548016623001729e+01
-7.182088153490346372e+01
-7.182625211339730242e+01
-7.183159213424571021e+01
-7.183690182723645989e+01
-7.184218141946607261e+01
-7.184743113538756631e+01
-7.185265119686869184e+01
-7.185784182323681080e+01
-7.186300323132846302e+01
-7.186813563553637607e+01
-7.187323924785525264e+01
-7.187831427792637840e+01
-7.188336093308092245e+01
-7.188837941838339418e+01
-7.189336993666819353e+01
-7.189833268858643578e+01
-7.190326787264052655e+01
-7.190817568522318481e+01
-7.191305632065453324e+01
-7.191790997121817952e+01
-7.192273682719634564e+01
-7.192753707690420129e+01
-7.193231090672314565e+01
-7.193705850113457245e+01
-7.194178004274726845e+01
-7.194647571233490169e+01
-7.195114568886182838e+01
-7.195579014951370311e+01
-7.196040926972624163e+01
-7.196500322321324461e+01
-7.196957218199398199e+01
-7.197411631641993779e+01
-7.197863579520091548e+01
-7.198313078543149857e+01
-7.198760145261185528e+01
-7.199204796067814982e+01
-7.199647047202226702e+01
-7.200086914751594236e+01
-7.200524414653342831e+01
-7.200959562697366323e+01
-7.201392374528190032e+01
-7.201822865647088179e+01
-7.202251051414249616e+01
-7.202676947050403555e+01
-7.203100567639393148e+01
-7.203521928129717367e+01
-7.203941043336519101e+01
-7.204357927943439677e+01
-7.204772596504425053e+01
-7.205185063445512128e+01
-7.205595343066552516e+01
-7.206003449542926376e+01
-7.206409396927286082e+01
-7.206813199150825255e+01
-7.207214870025427444e+01
-7.207614423244864099e+01
-7.208011872386414609e+01
-7.208407230912375496e+01
-7.208800512171522712e+01
-7.209191729400563986e+01
-7.209580895725549965e+01
-7.209968024163259770e+01
-7.210353127622651925e+01
-7.210736218905842065e+01
-7.211117310709944661e+01
-7.211496415628000989e+01
-7.211873546150327741e+01
-7.212248714665759053e+01
-7.212621933462848745e+01
-7.212993214731068292e+01
-7.213362570561973541e+01
-7.213730012950436787e+01
-7.214095553795442584e+01
-7.214459204901690725e+01
-7.214820977980355110e+01
-7.215180884650230553e+01
-7.215538936438782969e+01
-7.215895144783189608e+01
-7.216249521031339498e+01
-7.216602076442838154e+01
-7.216952822189983863e+01
-7.217301769358815022e+01
-7.217648928949729736e+01
-7.217994311878901215e+01
-7.218337928978871787e+01
-7.218679790999543400e+01
-7.219019908609043057e+01
-7.219358292394612420e+01
-7.219694952863461879e+01
-7.220029900443613258e+01
-7.220363145484796519e+01
-7.220694698258985511e+01
-7.221024568961638579e+01
-7.221352767712198784e+01
-7.221679304554946555e+01
-7.222004189459765655e+01
-7.222327432322906304e+01
-7.222649042967724142e+01
-7.222969031145416352e+01
-7.223287406535752098e+01
-7.223604178747847016e+01
-7.223919357320578172e+01
-7.224232951723719509e+01
-7.224544971358322698e+01
-7.224855425557467470e+01
-7.225164323586923842e+01
-7.225471674645805820e+01
-7.225777487867216564e+01
-7.226081772318876517e+01
-7.226384537003757202e+01
-7.226685790860764769e+01
-7.226985542765073944e+01
-7.227283801529144114e+01
-7.227580575903029114e+01
-7.227875874575042303e+01
-7.228169706172320730e+01
-7.228462079261403517e+01
-7.228753002348787504e+01
-7.229042483881488579e+01
-7.229330532247644214e+01
-7.229617155776799109e+01
-7.229902362740830313e+01
-7.230186161354203023e+01
-7.230468559774566017e+01
-7.230749566103263248e+01
-7.231029188385828377e+01
-7.231307434612497786e+01
-7.231584312718693752e+01
-7.231859830585521820e+01
-7.232133996040306556e+01
-7.232406816856824605e+01
-7.232678300756137446e+01
-7.232948455406815924e+01
-7.233217288425460367e+01
-7.233484807377143966e+01
-7.233751019775871782e+01
-7.234015933085017025e+01
-7.234279554717751637e+01
-7.234541892037552202e+01
-7.234802952358374739e+01
-7.235062742945441983e+01
-7.235321271015412492e+01
-7.235578543736860979e+01
-7.235834568230684738e+01
-7.236089351570497286e+01
-7.236342900783036214e+01
-7.236595222848551145e+01
-7.236846324701191691e+01
-7.237096213229453667e+01
-7.237344895276324053e+01
-7.237592377640007157e+01
-7.237838667074059629e+01
-7.238083770287821039e+01
-7.238327693946777686e+01
-7.238570444672915016e+01
-7.238812029045080010e+01
-7.239052453599332182e+01
-7.239291724829287489e+01
-7.239529849186521915e+01
-7.239766833080690844e+01
-7.240002682880192708e+01
-7.240237404912282670e+01
-7.240471005463460585e+01
-7.240703490779797846e+01
-7.240934867067254288e+01
-7.241165140492003616e+01
-7.241394317180741780e+01
-7.241622403221060722e+01
-7.241849404661543588e+01
-7.242075327512387162e+01
-7.242300177745492817e+01
-7.242523961294818946e+01
-7.242746684056680806e+01
-7.242968351890044687e+01
-7.243188970616812128e+01
-7.243408546022116923e+01
-7.243627083854603654e+01
-7.243844589826761649e+01
-7.244061069615008819e+01
-7.244276528860258679e+01
-7.244490973168004189e+01
-7.244704408108627547e+01
-7.244916839217684412e+01
-7.245128271996152591e+01
-7.245338711910707730e+01
-7.245548164393979107e+01
-7.245756634844802591e+01
-7.245964128628536116e+01
-7.246170651077112268e+01
-7.246376207489578292e+01
-7.246580803132150095e+01
-7.246784443238512097e+01
-7.246987133010054549e+01
-7.247188877616122227e+01
-7.247389682194243221e+01
-7.247589551850371947e+01
-7.247788491659167676e+01
-7.247986506664048534e+01
-7.248183601877686044e+01
-7.248379782282054862e+01
-7.248575052828711307e+01
-7.248769418439003687e+01
-7.248962884004301088e+01
-7.249155454386213648e+01
-7.249347134416809979e+01
-7.249537928898827488e+01
-7.249727842605935280e+01
-7.249916880282766840e+01
-7.250105046645393259e+01
-7.250292346381358755e+01
-7.250478784149926526e+01
-7.250664364582281962e+01
-7.250849092281738706e+01
-7.251032971823933337e+01
-7.251216007757028592e+01
-7.251398204601953523e+01
-7.251579566852421976e+01
-7.251760098975385915e+01
-7.251939805411055318e+01
-7.252118690573128390e+01
-7.252296758848984837e+01
-7.252474014599866337e+01
-7.252650462161065548e+01
-7.252826105842105164e+01
-7.253000949926926921e+01
-7.253174998674099072e+01
-7.253348256316847653e+01
-7.253520727063464335e+01
-7.253692415097327739e+01
-7.253863324577110916e+01
-7.254033459636960401e+01
-7.254202824386659643e+01
-7.254371422911806633e+01
-7.254539259273973073e+01
-7.254706337510876324e+01
-7.254872661636584041e+01
-7.255038235641518440e+01
-7.255203063492849935e+01
-7.255367149134512772e+01
-7.255530496487389769e+01
-7.255693109449478584e+01
-7.255854991896048034e+01
-7.256016147679792994e+01
-7.256176580630985029e+01
-7.256336294557665667e+01
-7.256495293245650657e+01
-7.256653580458900876e+01
-7.256811159939520905e+01
-7.256968035407948037e+01
-7.257124210563097222e+01
-7.257279689082504603e+01
-7.257434474622475307e+01
-7.257588570818222706e+01
-7.257741981284013377e+01
-7.257894709613340467e+01
-7.258046759378922275e+01
-7.258198134133056101e+01
-7.258348837407609722e+01
-7.258498872714191918e+01
-7.258648243544294587e+01
-7.258796953369419214e+01
-7.258945005641211878e+01
-7.259092403791599679e+01
-7.259239151232944209e+01
-7.259385251358050084e+01
-7.259530707540486105e+01
-7.259675523134580999e+01
-7.259819701475582576e+01
-7.259963245879785632e+01
-7.260106159644656998e+01
-7.260248446048950655e+01
-7.260390108352844152e+01
-7.260531149798048034e+01
-7.260671573607966423e+01
-7.260811382987684226e+01
-7.260950581124278358e+01
-7.261089171186810631e+01
-7.261227156326474130e+01
-7.261364539676708318e+01
-7.261501324353318410e+01
-7.261637513454580528e+01
-7.261773110061368186e+01
-7.261908117237253180e+01
-7.262042538028653382e+01
-7.262176375464819955e+01
-7.262309632558131511e+01
-7.262442312304074221e+01
-7.262574417681396710e+01
-7.262705951652195324e+01
-7.262836917162039185e+01
-7.262967317140068246e+01
-7.263097154499094188e+01
-7.263226432135745370e+01
-7.263355152930438408e+01
-7.263483319747668077e+01
-7.263610935435985994e+01
-7.263738002828135620e+01
-7.263864524741144635e+01
-7.263990503976431512e+01
-7.264115943319903579e+01
-7.264240845542049385e+01
-7.264365213398041021e+01
-7.264489049627859174e+01
-7.264612356956271810e+01
-7.264735138093099920e+01
-7.264857395733204726e+01
-7.264979132556601371e+01
-7.265100351228552711e+01
-7.265221054399668787e+01
-7.265341244705992096e+01
-7.265460924769091378e+01
-7.265580097196148301e+01
-7.265698764580073998e+01
-7.265816929499499111e+01
-7.265934594519009693e+01
-7.266051762189138685e+01
-7.266168435046473917e+01
-7.266284615613747633e+01
-7.266400306399916076e+01
-7.266515509900251857e+01
-7.266630228596426377e+01
-7.266744464956616412e+01
-7.266858221435485632e+01
-7.266971500474421930e+01
-7.267084304501521785e+01
-7.267196635931686899e+01
-7.267308497166713721e+01
-7.267419890595367349e+01
-7.267530818593469633e+01
-7.267641283523965967e+01
-7.267751287737019084e+01
-7.267860833570095735e+01
-7.267969923347958172e+01
-7.268078559382884407e+01
-7.268186743974642638e+01
-7.268294479410594988e+01
-7.268401767965772819e+01
-7.268508611902953476e+01
-7.268615013472727071e+01
-7.268720974913577493e+01
-7.268826498451977614e+01
-7.268931586302365133e+01
-7.269036240667357163e+01
-7.269140463737728908e+01
-7.269244257692506039e+01
-7.269347624699038590e+01
-7.269450566913069167e+01
-7.269553086478798321e+01
-7.269655185528962704e+01
-7.269756866184894761e+01
-7.269858130556617937e+01
-7.269958980742828203e+01
-7.270059418831085907e+01
-7.270159446897804401e+01
-7.270259067008325360e+01
-7.270358281216999785e+01
-7.270457091567243424e+01
-7.270555500091600720e+01
-7.270653508811814447e+01
-7.270751119738891077e+01
-7.270848334873178942e+01
-7.270945156204346915e+01
-7.271041585711584787e+01
-7.271137625363570578e+01
-7.271233277118554383e+01
-7.271328542924423743e+01
-7.271423424718763329e+01
-7.271517924428911783e+01
-7.271612043972029937e+01
-7.271705785255174703e+01
-7.271799150175274917e+01
-7.271892140619318923e+01
-7.271984758464331833e+01
-7.272077005577446585e+01
-7.272168883815967888e+01
-7.272260395027429070e+01
-7.272351541049646073e+01
-7.272442323710777146e+01
-7.272532744829381102e+01
-7.272622806214484115e+01
-7.272712509665566927e+01
-7.272801856972731116e+01
-7.272890849916677780e+01
-7.272979490268782854e+01
-7.273067779791146847e+01
-7.273155720236653110e+01
-7.273243313349018990e+01
-7.273330560862849836e+01
-7.273417464503710050e+01
-7.273504025988097510e+01
-7.273590247023611255e+01
-7.273676129308930172e+01
-7.273761674533876942e+01
-7.273846884379476307e+01
-7.273931760517994860e+01
-7.274016304613003570e+01
-7.274100518319418995e+01
-7.274184403283558709e+01
-7.274267961143205241e+01
-7.274351193527580506e+01
-7.274434102057510643e+01
-7.274516688345390492e+01
-7.274598953995261752e+01
-7.274680900602854194e+01
-7.274762529755635398e+01
-7.274843843032849122e+01
-7.274924842005580672e+01
-7.275005528236781061e+01
-7.275085903281350852e+01
-7.275165968686100371e+01
-7.275245725989910284e+01
-7.275325176723703180e+01
-7.275404322410503255e+01
-7.275483164565487471e+01
-7.275561704696025345e+01
-7.275639944301723006e+01
-7.275717884874470087e+01
-7.275795527898496573e+01
-7.275872874850347216e+01
-7.275949927199037859e+01
-7.276026686406012800e+01
-7.276103153925218692e+01
-7.276179331203135803e+01
-7.276255219678829178e+01
-7.276330820783984166e+01
-7.276406135942950471e+01
-7.276481166572784787e+01
-7.276555914083300536e+01
-7.276630379877052235e+01
-7.276704565349470499e+01
-7.276778471888835043e+01
-7.276852100876331519e+01
-7.276925453686091316e+01
-7.276998531685232763e+01
-7.277071336233899501e+01
-7.277143868685296013e+01
-7.277216130385730253e+01
-7.277288122674669069e+01
-7.277359846884704098e+01
-7.277431304341693874e+01
-7.277502496364736828e+01
-7.277573424266222446e+01
-7.277644089351865375e+01
-7.277714492920749478e+01
-7.277784636265357676e+01
-7.277854520671614580e+01
-7.277924147418934808e+01
-7.277993517780194566e+01
-7.278062633021866645e+01
-7.278131494403989166e+01
-7.278200103180219571e+01
-7.278268460597864475e+01
-7.278336567897923715e+01
-7.278404426315114506e+01
-7.278472037077914081e+01
-7.278539401408589526e+01
-7.278606520523253209e+01
-7.278673395631821563e+01
-7.278740027938160040e+01
-7.278806418640037634e+01
-7.278872568929186571e+01
-7.278938479991332144e+01
-7.279004153006225408e+01
-7.279069589147671593e+01
-7.279134789583571319e+01
-7.279199755475960387e+01
-7.279264487980984200e+01
-7.279328988249022814e+01
-7.279393257424658259e+01
-7.279457296646720010e+01
-7.279521107048321937e+01
