-7.196010156805550650e+01
-5.721286118286406008e+01
-4.240768208660518468e+01
1.726615273305955967e+01
4.921454697438861103e+01
5.329191654330271177e+01
5.249192010446770240e+01
3.798392337717800871e+01
2.715674020717559145e+01
1.896124548025480294e+01
1.262314344060703597e+01
7.633305611789880984e+00
3.654525735608798342e+00
4.504606373897150906e-01
-2.153124291048734040e+00
-4.287674989708231799e+00
-6.052920290335533693e+00
-7.524873208005481651e+00
-8.762119934021628254e+00
-9.810543183209695428e+00
-1.070663763496787446e+01
-1.147974633818765966e+01
-1.215358587913948618e+01
-1.274734035690087097e+01
-1.327649818365009970e+01
-1.375352725090851713e+01
-1.418843461324655841e+01
-1.458923422472007481e+01
-1.496233635739180912e+01
-1.531286907870298464e+01
-1.564494021496435394e+01
-1.596184958343247118e+01
-1.626625822274958466e+01
-1.656032270506705473e+01
-1.684580167355799318e+01
-1.712413828573632912e+01
-1.739652541137842334e+01
-1.766395665527655723e+01
-1.792726512974720876e+01
-1.818715433800980819e+01
-1.844422249847448469e+01
-1.869898086218436717e+01
-1.895186862802771444e+01
-1.920326496546489636e+01
-1.945349894746740560e+01
-1.970285553788661659e+01
-1.995158346382782710e+01
-2.019989984627545354e+01
-2.044799445237939040e+01
-2.069603341563485444e+01
-2.094416258200843117e+01
-2.119250993351374390e+01
-2.144118806088920337e+01
-2.169029618761944178e+01
-2.193992208855815562e+01
-2.219014362257949458e+01
-2.244103020127815284e+01
-2.269264407628004321e+01
-2.294504141162967059e+01
-2.319827338602958022e+01
-2.345238712228008637e+01
-2.370742643768913638e+01
-2.396343271090378835e+01
-2.422044549420751736e+01
-2.447850297554346000e+01
-2.473764251751635612e+01
-2.499790112869172631e+01
-2.525931589374754083e+01
-2.552192420051996535e+01
-2.578576400008038760e+01
-2.605087393150017405e+01
-2.631729359127343670e+01
-2.658506353297391556e+01
-2.685422525132010918e+01
-2.712482125020682844e+01
-2.739689472191905395e+01
-2.767048965171855102e+01
-2.794565049471613349e+01
-2.822242198180384420e+01
-2.850084874989677886e+01
-2.878097505740600681e+01
-2.906284438629185729e+01
-2.934649908337138058e+01
-2.963197983181090933e+01
-2.991932531316712129e+01
-3.020857154986885007e+01
-3.049975172587215511e+01
-3.079289528531866793e+01
-3.108802816417049897e+01
-3.138517141201757710e+01
-3.168434184798528364e+01
-3.198555076527239649e+01
-3.228880417923642199e+01
-3.259410302151442806e+01
-3.290144170219370068e+01
-3.321080905393935723e+01
-3.352218802592181390e+01
-3.383555601568548354e+01
-3.415088476202708279e+01
-3.446814088510204499e+01
-3.478728509934175861e+01
-3.510827337190695374e+01
-3.543105750366478901e+01
-3.575558537701456174e+01
-3.608180129210032305e+01
-3.640964641924109912e+01
-3.673905928866022208e+01
-3.706997634521889040e+01
-3.740233238527167003e+01
-3.773606088927926550e+01
-3.807109438386436295e+01
-3.840736482477431224e+01
-3.874480390556953324e+01
-3.908334327078452475e+01
-3.942291466990667459e+01
-3.976345008342890708e+01
-4.010488180406158421e+01
-4.044714246280247494e+01
-4.079016499623676850e+01
-4.113388257739376996e+01
-4.147822851931037746e+01
-4.182313615012888164e+01
-4.216853866408913376e+01
-4.251436895463712062e+01
-4.286055943968561621e+01
-4.320704188465106910e+01
-4.355374722770410045e+01
-4.390060541143833461e+01
-4.424754522565892501e+01
-4.459449416458318183e+01
-4.494137830320192961e+01
-4.528812219087124191e+01
-4.563464876998744302e+01
-4.598087931450478294e+01
-4.632673339295417492e+01
-4.667212884550207974e+01
-4.701698179641327613e+01
-4.736120668385788690e+01
-4.770471630214111514e+01
-4.804742186846112162e+01
-4.838923310643954068e+01
-4.873005834641360678e+01
-4.906980463751267507e+01
-4.940837787356706912e+01
-4.974568292984075413e+01
-5.008162381048139622e+01
-5.041610380278282122e+01
-5.074902564086729484e+01
-5.108029167125375380e+01
-5.140980403053406889e+01
-5.173746482132974478e+01
-5.206317629296869853e+01
-5.238684102031069045e+01
-5.270836209810612161e+01
-5.302764332507105394e+01
-5.334458938669552452e+01
-5.365910604744574641e+01
-5.397110033255316353e+01
-5.428048071625675419e+01
-5.458715730789860032e+01
-5.489104203169086560e+01
-5.519204880490322296e+01
-5.549009371274215141e+01
-5.578509518064488759e+01
-5.607697414060742602e+01
-5.636565419250356967e+01
-5.665106175870590022e+01
-5.693312623365469705e+01
-5.721178012360106635e+01
-5.748695918254362169e+01
-5.775860253302248282e+01
-5.802665279690084787e+01
-5.829105619502306723e+01
-5.855176255065084234e+01
-5.880872554328842483e+01
-5.906190273557960069e+01
-5.931125552281702795e+01
-5.955674926664648439e+01
-5.979835334421133552e+01
-6.003604115825959298e+01
-6.026979014399793755e+01
-6.049958177204928944e+01
-6.072540154107662858e+01
-6.094723895458694329e+01
-6.116508748377730598e+01
-6.137894452047970617e+01
-6.158881131963054401e+01
-6.179469293175802136e+01
-6.199659812250315838e+01
-6.219453928694331069e+01
-6.238853234394430558e+01
-6.257859664201896521e+01
-6.276475483213287276e+01
-6.294703275449380442e+01
-6.312545932197746623e+01
-6.330006639549168312e+01
-6.347088855779998795e+01
-6.363796298303589793e+01
-6.380132948086327360e+01
-6.396103025614080195e+01
-6.411710961252975949e+01
-6.426961390878091152e+01
-6.441859143593660519e+01
-6.456409225063168833e+01
-6.470616801247825833e+01
-6.484487184783863256e+01
-6.498025818873108506e+01
-6.511238261545672401e+01
-6.524130173630821616e+01
-6.536707306998889067e+01
-6.548975490607610084e+01
-6.560940616233062883e+01
-6.572608625777129987e+01
-6.583985499914319917e+01
-6.595077247051716540e+01
-6.605889892246828765e+01
-6.616429466500106571e+01
-6.626701996796158767e+01
-6.636713496857197470e+01
-6.646469958336624018e+01
-6.655977342469815028e+01
-6.665241572258314307e+01
-6.674268525174748845e+01
-6.683064026441746819e+01
-6.691633842796912290e+01
-6.699983676734194660e+01
-6.708119161228766814e+01
-6.716045854931063275e+01
-6.723769237826381584e+01
-6.731294707320654425e+01
-6.738627574747108895e+01
-6.745773062274143683e+01
-6.752736300194905539e+01
-6.759522324591821985e+01
-6.766136075340421030e+01
-6.772582394446178000e+01
-6.778866024692554504e+01
-6.784991608579041156e+01
-6.790963687541984939e+01
-6.796786701426269417e+01
-6.802464988201845131e+01
-6.808002783901298471e+01
-6.813404222772679475e+01
-6.818673337616871777e+01
-6.823814060306646923e+01
-6.828830222469062505e+01
-6.833725556314379901e+01
-6.838503695606510746e+01
-6.843168176751021292e+01
-6.847722439997427557e+01
-6.852169830741395629e+01
-6.856513600913555706e+01
-6.860756910452241186e+01
-6.864902828840409654e+01
-6.868954336705367325e+01
-6.872914327470181206e+01
-6.876785609046670800e+01
-6.880570905569291540e+01
-6.884272859153993807e+01
-6.887894031682431262e+01
-6.891436906603252055e+01
-6.894903890743059094e+01
-6.898297316127994350e+01
-6.901619441803110533e+01
-6.904872455651847929e+01
-6.908058476207031617e+01
-6.911179554455763707e+01
-6.914237675627579449e+01
-6.917234760968499074e+01
-6.920172669496507467e+01
-6.923053199734448526e+01
-6.925878091423248861e+01
-6.928649027206948574e+01
-6.931367634292915625e+01
-6.934035486084110289e+01
-6.936654103780723801e+01
-6.939224957954650108e+01
-6.941749470089861518e+01
-6.944229014092520913e+01
-6.946664917768691794e+01
-6.949058464267859847e+01
-6.951410893496036181e+01
-6.953723403492696775e+01
-6.955997151775672194e+01
-6.958233256652462728e+01
-6.960432798496798057e+01
-6.962596820994387770e+01
-6.964726332352989857e+01
-6.966822306480887050e+01
-6.968885684132750669e+01
-6.970917374022148749e+01
-6.972918253904595076e+01
-6.974889171626894324e+01
-6.976830946147038048e+01
-6.978744368522391994e+01
-6.980630202870274559e+01
-6.982489187297068156e+01
-6.984322034799750156e+01
-6.986129434139299121e+01
-6.987912050685615384e+01
-6.989670527237589681e+01
-6.991405484814869453e+01
-6.993117523424984938e+01
-6.994807222805518165e+01
-6.996475143140891362e+01
-6.998121825757336012e+01
-6.999747793792803918e+01
-7.001353552845323236e+01
-7.002939591599492530e+01
-7.004506382430753320e+01
-7.006054381990820445e+01
-7.007584031771214939e+01
-7.009095758648204821e+01
-7.010589975408842633e+01
-7.012067081257789880e+01
-7.013527462308063321e+01
-7.014971492052849555e+01
-7.016399531821625146e+01
-7.017811931219121391e+01
-7.019209028550264406e+01
-7.020591151228319404e+01
-7.021958616169193590e+01
-7.023311730171528211e+01
-7.024650790282328217e+01
-7.025976084150852330e+01
-7.027287890368151579e+01
-7.028586478794974823e+01
-7.029872110877718683e+01
-7.031145039952077980e+01
-7.032405511536998688e+01
-7.033653763616396759e+01
-7.034890026911199357e+01
-7.036114525141346121e+01
-7.037327475277407984e+01
-7.038529087784260696e+01
-7.039719566854336108e+01
-7.040899110632899749e+01
-7.042067911434922678e+01
-7.043226155953222190e+01
-7.044374025460142263e+01
-7.045511696000393442e+01
-7.046639338577445244e+01
-7.047757119332193554e+01
-7.048865199716176733e+01
-7.049963736657058178e+01
-7.051052882718501280e+01
-7.052132786254054508e+01
-7.053203591554633078e+01
-7.054265438991669157e+01
-7.055318465153678176e+01
-7.056362802978284776e+01
-7.057398581879269273e+01
-7.058425927868263727e+01
-7.059444963673013262e+01
-7.060455808850035453e+01
-7.061458579893626109e+01
-7.062453390340739645e+01
-7.063440350871385931e+01
-7.064419569406342703e+01
-7.065391151200104503e+01
-7.066355198930884285e+01
-7.067311812787227154e+01
-7.068261090550844017e+01
-7.069203127677400289e+01
-7.070138017373223249e+01
-7.071065850669761232e+01
-7.071986716494630798e+01
-7.072900701741056650e+01
-7.073807891333679265e+01
-7.074708368292415628e+01
-7.075602213793956707e+01
-7.076489507230461129e+01
-7.077370326267079292e+01
-7.078244746896341155e+01
-7.079112843491033402e+01
-7.079974688855109832e+01
-7.080830354272256955e+01
-7.081679909553606933e+01
-7.082523423082776048e+01
-7.083360961859685290e+01
-7.084192591542812067e+01
-7.085018376489408354e+01
-7.085838379795187336e+01
-7.086652663331653912e+01
-7.087461287782524266e+01
-7.088264312678835211e+01
-7.089061796432336848e+01
-7.089853796368575445e+01
-7.090640368757901513e+01
-7.091421568845895251e+01
-7.092197450882177634e+01
-7.092968068149079386e+01
-7.093733472988419919e+01
-7.094493716827759044e+01
-7.095248850205743452e+01
-7.095998922796127317e+01
-7.096743983431794334e+01
-7.097484080127111383e+01
-7.098219260099914152e+01
-7.098949569792740988e+01
-7.099675054892914261e+01
-7.100395760352753882e+01
-7.101111730408288736e+01
-7.101823008597730791e+01
-7.102529637779326777e+01
-7.103231660148205151e+01
-7.103929117253453285e+01
-7.104622050013827561e+01
-7.105310498733342683e+01
-7.105994503116336602e+01
-7.106674102281654370e+01
-7.107349334777131844e+01
-7.108020238592850149e+01
-7.108686851174334720e+01
-7.109349209435319494e+01
-7.110007349769743712e+01
-7.110661308064094044e+01
-7.111311119708621220e+01
-7.111956819608646185e+01
-7.112598442195066184e+01
-7.113236021435254486e+01
-7.113869590842918456e+01
-7.114499183487988887e+01
-7.115124832006225120e+01
-7.115746568608159350e+01
-7.116364425088475798e+01
-7.116978432834419266e+01
-7.117588622834280443e+01
-7.118195025685650990e+01
-7.118797671603066135e+01
-7.119396590426133287e+01
-7.119991811626719880e+01
-7.120583364316287600e+01
-7.121171277253007759e+01
-7.121755578848339496e+01
-7.122336297174095421e+01
-7.122913459968633276e+01
-7.123487094643208195e+01
-7.124057228288157262e+01
-7.124623887678581013e+01
-7.125187099280510949e+01
-7.125746889256282657e+01
-7.126303283470129202e+01
-7.126856307493260090e+01
-7.127405986609420552e+01
-7.127952345819699076e+01
-7.128495409847494102e+01
-7.129035203143381239e+01
-7.129571749889514365e+01
-7.130105074004566745e+01
-7.130635199147894809e+01
-7.131162148723937833e+01
-7.131685945886482614e+01
-7.132206613542534512e+01
-7.132724174356692970e+01
-7.133238650754810806e+01
-7.133750064927887991e+01
-7.134258438835837524e+01
-7.134763794210908827e+01
-7.135266152561571573e+01
-7.135765535175767127e+01
-7.136261963124343310e+01
-7.136755457264429481e+01
-7.137246038242444968e+01
-7.137733726497599207e+01
-7.138218542264755229e+01
-7.138700505577570254e+01
-7.139179636271225604e+01
-7.139655953985652559e+01
-7.140129478168141475e+01
-7.140600228076161216e+01
-7.141068222780128849e+01
-7.141533481165836861e+01
-7.141996021937380590e+01
-7.142455863619481704e+01
-7.142913024560031943e+01
-7.143367522932584279e+01
-7.143819376738532867e+01
-7.144268603809766205e+01
-7.144715221810754713e+01
-7.145159248240847205e+01
-7.145600700436534680e+01
-7.146039595573397207e+01
-7.146475950668535404e+01
-7.146909782582444848e+01
-7.147341108021103651e+01
-7.147769943538021664e+01
-7.148196305536011153e+01
-7.148620210269399422e+01
-7.149041673845731282e+01
-7.149460712227720194e+01
-7.149877341234866890e+01
-7.150291576545552630e+01
-7.150703433698593869e+01
-7.151112928095018617e+01
-7.151520074999804422e+01
-7.151924889543360564e+01
-7.152327386723440839e+01
-7.152727581406566060e+01
-7.153125488329651205e+01
-7.153521122101597030e+01
-7.153914497204642942e+01
-7.154305627996134831e+01
-7.154694528709821100e+01
-7.155081213457349065e+01
-7.155465696229728678e+01
-7.155847990898571709e+01
-7.156228111217723153e+01
-7.156606070824453525e+01
-7.156981883240835884e+01
-7.157355561875095873e+01
-7.157727120022742895e+01
-7.158096570868102049e+01
-7.158463927485381362e+01
-7.158829202840006189e+01
-7.159192409789658029e+01
-7.159553561085721185e+01
-7.159912669374293159e+01
-7.160269747197388313e+01
-7.160624806994113101e+01
-7.160977861101638098e+01
-7.161328921756539501e+01
-7.161678001095732782e+01
-7.162025111157583979e+01
-7.162370263883012456e+01
-7.162713471116370556e+01
-7.163054744606716895e+01
-7.163394096008660483e+01
-7.163731536883410911e+01
-7.164067078699783053e+01
-7.164400732835034091e+01
-7.164732510576033064e+01
-7.165062423120060942e+01
-7.165390481575769854e+01
-7.165716696964140908e+01
-7.166041080219235937e+01
-7.166363642189315897e+01
-7.166684393637565620e+01
-7.167003345243001888e+01
-7.167320507601358770e+01
-7.167635891225786793e+01
-7.167949506547904548e+01
-7.168261363918473705e+01
-7.168571473608274403e+01
-7.168879845808767470e+01
-7.169186490633090614e+01
-7.169491418116697901e+01
-7.169794638218154148e+01
-7.170096160819934994e+01
-7.170395995729032279e+01
-7.170694152677894806e+01
-7.170990641325019510e+01
-7.171285471255708899e+01
-7.171578651982805752e+01
-7.171870192947258715e+01
-7.172160103519023266e+01
-7.172448392997598887e+01
-7.172735070612739605e+01
-7.173020145525151747e+01
-7.173303626827022583e+01
-7.173585523542855924e+01
-7.173865844629987976e+01
-7.174144598979252407e+01
-7.174421795415629788e+01
-7.174697442698744965e+01
-7.174971549523657188e+01
-7.175244124521343281e+01
-7.175515176259349914e+01
-7.175784713242254043e+01
-7.176052743912434551e+01
-7.176319276650512791e+01
-7.176584319775957965e+01
-7.176847881547669772e+01
-7.177109970164410413e+01
-7.177370593765533613e+01
-7.177629760431399575e+01
-7.177887478183946257e+01
-7.178143754987230807e+01
-7.178398598747841675e+01
-7.178652017315590683e+01
-7.178904018483896721e+01
-7.179154609990321489e+01
-7.179403799517091045e+01
-7.179651594691478067e+01
-7.179898003086449876e+01
-7.180143032221042176e+01
-7.180386689560852176e+01
-7.180628982518543069e+01
-7.180869918454189360e+01
-7.181109504675906408e+01
-7.181347748440184375e+01
-7.181584656952401247e+01
-7.181820237367146831e+01
-7.182054496788830988e+01
-7.182287442271997691e+01
-7.182519080821788293e+01
-7.182749419394390600e+01
-7.182978464897345816e+01
-7.183206224190124090e+01
-7.183432704084427201e+01
-7.183657911344621994e+01
-7.183881852688159597e+01
-7.184104534785876695e+01
-7.184325964262534114e+01
-7.184546147697108154e+01
-7.184765091623187061e+01
-7.184982802529388835e+01
-7.185199286859631229e+01
-7.185414551013644768e+01
-7.185628601347249855e+01
-7.185841444172739045e+01
-7.186053085759260739e+01
-7.186263532333079240e+01
-7.186472790078070716e+01
-7.186680865135970464e+01
-7.186887763606769397e+01
-7.187093491548959889e+01
-7.187298054980006157e+01
-7.187501459876597210e+01
-7.187703712174987913e+01
-7.187904817771349997e+01
-7.188104782522007952e+01
-7.188303612243898044e+01
-7.188501312714781477e+01
-7.188697889673592556e+01
-7.188893348820762697e+01
-7.189087695818444956e+01
-7.189280936290941781e+01
-7.189473075824928117e+01
-7.189664119969761202e+01
-7.189854074237797477e+01
-7.190042944104604317e+01
-7.190230735009372154e+01
-7.190417452355116268e+01
-7.190603101508978057e+01
-7.190787687802527728e+01
-7.190971216531958987e+01
-7.191153692958486943e+01
-7.191335122308535688e+01
-7.191515509774048098e+01
-7.191694860512674836e+01
-7.191873179648153780e+01
-7.192050472270494765e+01
-7.192226743436252434e+01
-7.192401998168810451e+01
-7.192576241458546349e+01
-7.192749478263208118e+01
-7.192921713508079051e+01
-7.193092952086249170e+01
-7.193263198858871021e+01
-7.193432458655325945e+01
-7.193600736273586449e+01
-7.193768036480362582e+01
-7.193934364011364835e+01
-7.194099723571554250e+01
-7.194264119835293059e+01
-7.194427557446690003e+01
-7.194590041019746707e+01
-7.194751575138602107e+01
-7.194912164357771189e+01
-7.195071813202292788e+01
-7.195230526168053586e+01
-7.195388307721934495e+01
-7.195545162302035180e+01
-7.195701094317909963e+01
-7.195856108150701402e+01
