9.500038032380498931e-01
9.142401181069801375e-01
8.362142615147301061e-01
7.103773562789912344e-01
2.204519979983713697e-04
2.285797229151614028e-04
2.471618655490366600e-04
2.856266450288297526e-04
2.973192506219954779e-04
6.905859176590664405e-06
9.991646518447144798e-01
9.975602318331691087e-01
9.182208085732831426e-01
2.868745963874306734e-02
2.971526125886259271e-05
1.264212729391716097e-02
2.339409069424509358e-04
9.570371660149000759e-01
9.354406477825991661e-01
8.623989607788018485e-01
2.048408708512042264e-03
7.649254945134085874e-04
9.626520390496093871e-01
-7.792881567386638153e+01
1.316751709089490419e+02
3.555752071966545302e-01
3.735799360513850642e-01
4.034135424507998557e-01
4.522154549368179177e-01
9.314525627899072902e-01
9.298856425135927362e-01
9.165386008872425938e-01
9.999818245350131640e-01
8.433201602554590254e-06
6.294837505958063992e-06
4.969057646065050739e-06
4.024369899071367748e-06
9.977776029532691229e-03
9.770879776180955989e-03
9.335388139128670409e-03
9.198227462393914616e-03
1.286303995554591140e+01
1.246478754256779986e+01
0.000000000000000000e+00
0.000000000000000000e+00
-0.000000000000000000e+00
0.000000000000000000e+00
-0.000000000000000000e+00
8.029023099428486132e-01
2.590724154626668761e-04
1.769476750647810540e-26
