7.644224279692036772e-01
7.504422562731779545e-01
7.300508111006559497e-01
7.119011776462185193e-01
1.547640362593567342e-04
1.566214499361592025e-04
1.613194247189922263e-04
1.713753554220730712e-04
1.760771717292571590e-04
9.893372521151023183e-06
9.989207427673321149e-01
9.989256234326270301e-01
9.699152666832808745e-01
5.255436980711115924e-02
3.912930533479131595e-05
5.458295496532736962e-03
2.968151844012683130e-04
9.744602024234806370e-01
9.104153394542312538e-01
9.099572709695691319e-01
2.642619955753819101e-03
9.247730247124056691e-04
9.558561278223174362e-01
-7.583265498909241842e+01
1.344052755225267788e+02
2.209331922994048902e-01
2.291554027378778224e-01
2.435733994013237758e-01
2.708586911653015905e-01
9.994870634560590883e-01
9.995100723530886411e-01
9.994417499406439420e-01
9.999908270786982412e-01
6.943601670968333720e-05
5.592065233587872826e-05
4.019763484678411184e-05
2.734118204818477616e-05
6.575131411490788176e-03
6.380778618139079129e-03
6.095024681304809545e-03
5.922748154257861941e-03
9.814223533772391761e+00
9.155650734267137381e+00
0.000000000000000000e+00
0.000000000000000000e+00
0.000000000000000000e+00
-0.000000000000000000e+00
-0.000000000000000000e+00
7.280819684884716203e-01
1.644996681718380338e-04
2.022461808803244390e-24
