8.430629608448139134e-01
8.154188102423288731e-01
7.652224303297303631e-01
7.042437679383485305e-01
1.786321322130273847e-04
1.821669660313772780e-04
1.908403069013909473e-04
2.097117741395666173e-04
2.168775538444423444e-04
7.745166283965739280e-06
9.991114637494252770e-01
9.988664686555424055e-01
9.549526461814653588e-01
3.738425238174530180e-02
3.106896279477093943e-05
9.430534980966472081e-03
2.517840882367475665e-04
9.650184017795021552e-01
9.296211972632506537e-01
9.028128531366826914e-01
2.223539695251421609e-03
8.128414871229810773e-04
9.607433312085547072e-01
-7.725374597926121112e+01
1.330147427265784756e+02
2.864753514081674890e-01
3.003893323716127495e-01
3.243330703838867013e-01
3.682357414206710033e-01
9.877114214485005483e-01
9.871012758399273501e-01
9.843489208875534358e-01
1.000000078417363714e+00
1.765731054166225390e-05
1.249833632685762605e-05
7.544837975775776685e-06
4.203637663299416630e-06
7.936438765239774845e-03
7.661114278272802489e-03
7.135736998116938221e-03
6.665770734737791123e-03
1.136055245666534752e+01
1.078821444770187377e+01
0.000000000000000000e+00
0.000000000000000000e+00
-0.000000000000000000e+00
-0.000000000000000000e+00
-0.000000000000000000e+00
7.528211199243057816e-01
1.968308655750765910e-04
-3.458213736673074340e-24
