1.500013708476932939e+00
1.454768297287390100e+00
1.314570145803629853e+00
9.996740372214620862e-01
5.640910183684911530e-04
5.889030956414113447e-04
6.590774496346806085e-04
8.211923805328168397e-04
8.575355121774896373e-04
1.173785843588103537e-05
9.980454305437324036e-01
9.709730217152729992e-01
5.718039103938251655e-01
1.423342139073658676e-02
3.123204625538885748e-04
1.690271000577612398e-02
3.450267453365473769e-04
9.418970209013646233e-01
8.584858327138853440e-01
6.024917084593834904e-01
2.946877039713130010e-03
1.008454304199669135e-03
9.488565504757542346e-01
-7.493644925637853760e+01
1.301127396565607341e+02
4.537569222041132333e-01
4.637572572223002676e-01
4.779922811136318450e-01
4.945435403390008311e-01
3.292880191708541515e-02
2.853699474580707190e-02
2.402484647582276561e-02
2.850484107387360449e-10
3.013763926816996341e-01
3.353823133820193481e-01
5.976874295148263405e-01
9.949019546786275203e-01
2.165753808499573663e-02
2.166514138616662880e-02
2.177238359192784287e-02
2.326298517027138024e-02
1.452339416830597507e+01
1.498866820162224478e+01
-0.000000000000000000e+00
0.000000000000000000e+00
0.000000000000000000e+00
0.000000000000000000e+00
-0.000000000000000000e+00
1
