7.737568601904711851e-01
7.601908575811803237e-01
7.404249630559723849e-01
7.233151380212550219e-01
1.533553990983200230e-04
1.544160102183187789e-04
1.574176890305167527e-04
1.643431590812947224e-04
1.675336442595249981e-04
1.128712296681999860e-05
9.987982788843996484e-01
9.987966602248747883e-01
9.726877686516209875e-01
4.738373825375342963e-02
4.444162960479409855e-05
4.843444082125557791e-03
3.243900148269911188e-04
9.827274794333127339e-01
8.979434138836966950e-01
8.958352119245808209e-01
2.899801696640609810e-03
9.912672984542399406e-04
9.529695655665891829e-01
-7.506806130201246674e+01
1.355001090331755620e+02
2.018387221624941275e-01
2.079143178191269481e-01
2.185130245813468042e-01
2.378918786914863415e-01
9.984634178189474296e-01
9.987136281848754127e-01
9.987744134316332012e-01
9.998913279090840822e-01
1.265805927686925272e-04
1.067154882050656047e-04
8.242402818309909273e-05
6.194093790158302412e-05
6.683057761778246446e-03
6.489015396643431528e-03
6.196093861200242803e-03
5.983978064522112519e-03
8.550305826690015820e+00
8.355793812743034010e+00
-0.000000000000000000e+00
0.000000000000000000e+00
0.000000000000000000e+00
-0.000000000000000000e+00
-0.000000000000000000e+00
7.387287633976662438e-01
1.596792831942256386e-04
1.096251817160975911e-24
